timestamp,ts,m11,m12,m13,m21,m22,m23,m31,m32,m33,ax,ay,az
0.258496999740601,0.257611989974976,0.996723055839539,0.0169338136911392,-0.0790972858667374,0.0193289443850517,0.899654686450958,0.436174154281616,0.078546330332756,-0.436273694038391,0.896379232406616,-0.0488085821270943,-0.06562639772892,0.0723893716931343
0.278928995132446,0.278689980506897,0.997080445289612,0.00986967049539089,-0.0757174417376518,0.0236451160162687,0.9029620885849,0.4290691614151,0.0726047530770302,-0.429606854915619,0.900092482566833,-0.0355715677142143,-0.0829699859023094,0.0935739353299141
0.30144202709198,0.301209986209869,0.997500061988831,-0.0015554903075099,-0.0706483423709869,0.0307963751256466,0.909391939640045,0.414798617362976,0.0636018216609955,-0.41593736410141,0.907166421413422,-0.0452272035181522,-0.118404500186443,0.142975747585297
0.33551698923111,0.33526200056076,0.997624397277832,-0.015823557972908,-0.0670456811785698,0.0408323034644127,0.919689297676086,0.390518069267273,0.055481806397438,-0.392327964305878,0.91815060377121,-0.0821061059832573,-0.0840607956051826,0.139082610607147
0.344475030899048,0.343990981578827,0.997423768043518,-0.0295911766588688,-0.0653463378548622,0.0512110330164433,0.931625366210938,0.359793871641159,0.0502315834164619,-0.362213402986526,0.930740714073181,-0.0861745849251747,-0.0691154450178146,0.0769961848855019
0.367137014865875,0.366898000240326,0.997137725353241,-0.0419540256261826,-0.062898263335228,0.0603119507431984,0.943063080310822,0.327100098133087,0.0455938689410686,-0.329957365989685,0.942894160747528,-0.0874801725149155,-0.0712306201457977,0.0265428181737661
0.388545989990234,0.388318955898285,0.997119724750519,-0.0516915619373322,-0.0554995909333229,0.065920427441597,0.952553153038025,0.297148108482361,0.0375062599778175,-0.299950778484344,0.953217089176178,-0.0670810118317604,-0.0885635688900948,0.0179296042770147
0.411306023597717,0.411036968231201,0.996880769729614,-0.0585087463259697,-0.0529670566320419,0.0704617872834206,0.962120115756989,0.263362944126129,0.0355516374111176,-0.266273617744446,0.963241636753082,-0.0873145908117294,-0.0378760732710361,0.0139771113172174
0.434478044509888,0.434139966964722,0.996458828449249,-0.0640502125024796,-0.054473839700222,0.0749460309743881,0.970278203487396,0.230094090104103,0.0381172075867653,-0.233361884951591,0.97164261341095,-0.12568661570549,0.00661386596038938,0.0265589654445648
0.456073045730591,0.455686986446381,0.996019244194031,-0.068752720952034,-0.0567343197762966,0.0788064748048782,0.976619064807892,0.200011879205704,0.0416564531624317,-0.203686714172363,0.97814953327179,-0.112062685191631,-0.0148471174761653,-0.012298489920795
0.477780044078827,0.477443993091583,0.995688498020172,-0.0751515626907349,-0.0543748252093792,0.0836234986782074,0.980910956859589,0.175558656454086,0.0401433520019054,-0.179348737001419,0.982966184616089,-0.0952073410153389,-0.0132841235026717,-0.0156452562659979
0.499698996543884,0.499243974685669,0.995174705982208,-0.0835290029644966,-0.0514804869890213,0.0905682221055031,0.983837425708771,0.15447099506855,0.0377456247806549,-0.158388122916222,0.986655175685883,-0.118802264332771,0.00108964648097754,0.0311193056404591
0.522343039512634,0.520776987075806,0.9948570728302,-0.09050302952528,-0.0454819872975349,0.0959904715418816,0.985747694969177,0.138156995177269,0.0323301404714584,-0.141812309622765,0.989365458488464,-0.0487778894603252,-0.0137900207191706,-0.0429526455700397
0.543868005275726,0.543410003185272,0.994627773761749,-0.095481276512146,-0.0399866439402103,0.0998618900775909,0.986768960952759,0.127728745341301,0.0272618737071753,-0.131035700440407,0.9910027384758,-0.055398017168045,-0.0194727834314108,-0.0565436445176601
0.566783010959625,0.566326975822449,0.994275569915771,-0.10108545422554,-0.0346087776124477,0.104554265737534,0.987221419811249,0.120259329676628,0.0220100581645966,-0.12318941950798,0.992139041423798,-0.083284318447113,-0.0307416431605816,-0.0337703600525856
0.588472008705139,0.588016986846924,0.993694007396698,-0.108362875878811,-0.02880484983325,0.110929198563099,0.987528026103973,0.111727945506573,0.0163384340703487,-0.114218689501286,0.993321299552917,-0.0913963988423347,-0.051205400377512,-0.00132289458997548
0.611236035823822,0.610973954200745,0.992980241775513,-0.116035245358944,-0.0229347944259644,0.11778999119997,0.987731337547302,0.102529466152191,0.0107563845813274,-0.104511231184006,0.994465529918671,-0.0708931684494019,-0.0562077090144157,0.0107161467894912
0.631551027297974,0.631250977516174,0.992382943630219,-0.122587881982327,-0.0121797472238541,0.12319128960371,0.987354457378387,0.0997750759124756,-0.000205487478524446,-0.100515514612198,0.99493545293808,-0.0477174669504166,-0.0440390147268772,-0.0124040078371763
0.653870046138763,0.653642952442169,0.991671144962311,-0.128711253404617,-0.00466328114271164,0.128548502922058,0.986876726150513,0.0977222248911858,-0.00797586608678102,-0.0975077673792839,0.995202779769897,-0.0506074950098991,-0.049479316920042,-0.0307371374219656
0.675463020801544,0.675213992595673,0.990875542163849,-0.134729281067848,-0.00370177929289639,0.13449065387249,0.986575424671173,0.0926349386572838,-0.00882855430245399,-0.0922875478863716,0.995693266391754,-0.0541778542101383,-0.0517284646630287,-0.0357093289494514
0.696547031402588,0.696287989616394,0.990156888961792,-0.139961719512939,-0.000232848338782787,0.139373779296875,0.98584246635437,0.093218132853508,-0.0128174182027578,-0.0923330336809158,0.995645701885223,-0.0425912477076054,-0.0350930243730545,-0.0330408401787281
0.719784021377563,0.719334006309509,-0.949978768825531,0.312308967113495,-0.00187485478818417,-0.311119973659515,-0.94580340385437,0.0930609926581383,0.0272905379533768,0.0889892652630806,0.99565863609314,-0.0326213166117668,-0.0366844907402992,-0.0166551973670721
0.740242004394531,0.739986002445221,-0.948644042015076,0.316343545913696,0.00115722697228193,-0.314700841903687,-0.944077789783478,0.0983896702528,0.03221745043993,0.0929725915193558,0.995147287845612,-0.019060667604208,-0.0275563709437847,0.00920063722878695
0.764003992080688,0.763745963573456,-0.947605788707733,0.319442182779312,0.000215400010347366,-0.317916065454483,-0.943144142627716,0.096997894346714,0.0311883687973022,0.0918472781777382,0.995284557342529,-0.00988591834902763,-0.0225699841976166,0.00906325038522482
0.785535991191864,0.785188972949982,-0.946725189685822,0.322038412094116,0.00163180939853191,-0.320311605930328,-0.94214928150177,0.0987683162093163,0.0333445966243744,0.0929837599396706,0.995109140872955,-0.0152901886031032,-0.028734128922224,-0.0154499635100365
0.807923018932343,0.807395994663239,-0.946028828620911,0.324070066213608,0.0028462465852499,-0.322153300046921,-0.941317796707153,0.10068841278553,0.0353093221783638,0.094337210059166,0.994913935661316,-0.00968121830374002,-0.0227857045829296,-0.0126239052042365
0.829734027385712,0.829463005065918,-0.945388197898865,0.325903028249741,0.00534179620444775,-0.323644548654556,-0.940528988838196,0.103245310485363,0.03867207467556,0.095878042280674,0.994641602039337,-0.0111071784049273,-0.0191149171441793,-0.00375624792650342
0.852564990520477,0.852311968803406,-0.944697260856628,0.327857375144958,0.00752468034625053,-0.325437128543854,-0.940061271190643,0.10186018794775,0.0404692739248276,0.0937782302498817,0.994770288467407,-0.0214670188724995,-0.0170668158680201,0.00641272170469165
0.873740017414093,0.87322598695755,-0.944094836711884,0.329538464546204,0.00945296883583069,-0.327050924301147,-0.939807891845703,0.0989890620112419,0.0415046773850918,0.0903634652495384,0.995043635368347,-0.0224531590938568,-0.0138496840372682,-0.00492586148902774
0.895116031169891,0.894844949245453,-0.943788766860962,0.330380320549011,0.010576942935586,-0.32787424325943,-0.939733624458313,0.0969507694244385,0.0419701263308525,0.0880331248044968,0.995232999324799,-0.0186741575598717,-0.0147435730323195,-0.0192781314253807
0.91768604516983,0.917402982711792,-0.943639695644379,0.330793619155884,0.0109359584748745,-0.328248083591461,-0.939588129520416,0.097093902528286,0.0423933379352093,0.088031955063343,0.995215117931366,-0.0239456333220005,-0.0118233384564519,-0.0211117621511221
0.939936995506287,0.939314007759094,-0.94347482919693,0.331183344125748,0.0131491422653198,-0.328423053026199,-0.939483165740967,0.0975177213549614,0.044649638235569,0.0876870378851891,0.995146930217743,-0.0358315743505955,-0.00686765648424625,0.0105430390685797
0.961921036243439,0.961613953113556,-0.943379044532776,0.331399083137512,0.0145154446363449,-0.32852840423584,-0.939469039440155,0.0972993820905685,0.0458817295730114,0.0870214551687241,0.995149314403534,-0.0301012564450502,-0.00272198626771569,0.0178696382790804
0.986348032951355,0.98507297039032,-0.943452954292297,0.331137835979462,0.0156301204115152,-0.328165888786316,-0.939583599567413,0.0974159687757492,0.0469439178705215,0.0867781043052673,0.995121002197266,-0.0247446354478598,-0.00173564802389592,0.00438309740275145
1.00662899017334,1.00617098808289,-0.943516075611115,0.330924540758133,0.0163234360516071,-0.327880471944809,-0.939655423164368,0.0976836532354355,0.0476643182337284,0.0868139564990997,0.995083630084991,-0.030734671279788,-0.00703741889446974,0.000164816461619921
1.02891004085541,1.02827596664429,-0.943743586540222,0.330229789018631,0.0172147024422884,-0.327081888914108,-0.93987101316452,0.0982848629355431,0.0486361905932426,0.0871250852942467,0.995009422302246,-0.0194826815277338,-0.00727544305846095,-0.000885968504007906
1.05100101232529,1.05024200677872,-0.944214999675751,0.328871488571167,0.0173646584153175,-0.325647950172424,-0.94022274017334,0.0996721610426903,0.0491059795022011,0.0884571895003319,0.994868814945221,-0.012969815172255,-0.011808549053967,-0.0117840319871902
1.07230299711227,1.07182097434998,-0.944672226905823,0.327526569366455,0.0179073493927717,-0.324173748493195,-0.940546333789825,0.10140959918499,0.0500570312142372,0.0899937450885773,0.994683563709259,-0.0196140129119158,-0.0133364936336875,-0.00623194966465235
1.09444099664688,1.0940859913826,-0.945068657398224,0.326341956853867,0.0186086054891348,-0.322874933481216,-0.940873682498932,0.102511331439018,0.0509620979428291,0.0908719897270203,0.994557738304138,-0.0189280137419701,-0.020733904093504,0.000157739632413723
1.11611503362656,1.11575895547867,-0.945403099060059,0.325326859951019,0.0193705037236214,-0.321758568286896,-0.941179096698761,0.103214263916016,0.0518094897270203,0.0913464725017548,0.994470536708832,-0.0110097443684936,-0.0182304326444864,-0.00548371206969023
1.15104699134827,1.15064597129822,-0.945704579353333,0.324416548013687,0.0199168547987938,-0.320742577314377,-0.94140088558197,0.104348048567772,0.0526019781827927,0.0922942459583282,0.994341373443604,-0.00710646202787757,-0.0150824952870607,-0.014752846211195
1.16236400604248,1.16198295354843,-0.946121275424957,0.323227107524872,0.019463524222374,-0.319604158401489,-0.941795706748962,0.104278549551964,0.0520363226532936,0.0924395322799683,0.994357645511627,0.00101564824581146,-0.0091552808880806,-0.0124477613717318
1.18218404054642,1.18189597129822,-0.946747422218323,0.321450442075729,0.018411859869957,-0.317906767129898,-0.942312836647034,0.104794502258301,0.0510359704494476,0.0933606624603271,0.994323432445526,0.0147344917058945,-0.00819682981818914,-0.0160830486565828
1.20334702730179,1.20305800437927,-0.947558104991913,0.319112807512283,0.017342496663332,-0.315630286931992,-0.94296658039093,0.105791211128235,0.0501127205789089,0.0947694927453995,0.994237124919891,0.00995724275708199,-0.00268352567218244,-0.0147808203473687
1.22606003284454,1.22577995061874,-0.948526322841644,0.316285163164139,0.0161717236042023,-0.31285348534584,-0.943721055984497,0.107300102710724,0.0491990298032761,0.0967175960540771,0.994095146656036,0.00848129391670227,-0.00144928554072976,-0.00709503749385476
1.24822300672531,1.2479459643364,-0.949556827545166,0.313223958015442,0.015253659337759,-0.30981433391571,-0.944528520107269,0.109000116586685,0.0485489629209042,0.0987759977579117,0.993924677371979,0.000925656349863857,0.0011204780312255,0.00321729807183146
1.27019900083542,1.26992297172546,-0.950543403625488,0.310223758220673,0.0151163898408413,-0.306845426559448,-0.945501506328583,0.108962871134281,0.0480954386293888,0.0989355370402336,0.993930876255035,-0.00301105133257806,-0.00288405898027122,0.0169411320239305
1.29196804761887,1.29169398546219,-0.951601326465607,0.306960910558701,0.015167398378253,-0.303669303655624,-0.946704208850861,0.107406444847584,0.0473286211490631,0.0976022407412529,0.994099497795105,-0.00518782762810588,0.00477583426982164,0.0152939520776272
1.31446403264999,1.31416195631027,-0.952767312526703,0.303310364484787,0.0154068004339933,-0.300045400857925,-0.947933614253998,0.106746032834053,0.0469817966222763,0.0970813930034637,0.994166970252991,-0.00635223370045424,-0.00229327357374132,-0.00763359200209379
1.33694803714752,1.33595699071884,-0.954051613807678,0.299219101667404,0.0159198120236397,-0.295920103788376,-0.949217736721039,0.106850139796734,0.0470829680562019,0.0972295626997948,0.994147658348083,-0.00579344760626554,-0.00702619971707463,-0.00258694053627551
1.35807901620865,1.35780698060989,-0.955427825450897,0.294776529073715,0.0162626300007105,-0.291462868452072,-0.950586795806885,0.106930367648602,0.0469796061515808,0.097424291074276,0.994133532047272,-0.0124696688726544,-0.00610674032941461,0.0109792072325945
1.38025802373886,1.37998199462891,-0.956745982170105,0.290415197610855,0.0172074250876904,-0.286999076604843,-0.951867699623108,0.10760723054409,0.0476299710571766,0.0980142652988434,0.994044542312622,-0.010456757619977,-0.0110298516228795,0.00826575141400099
1.40173000097275,1.40146398544312,-0.958021223545074,0.286105304956436,0.0184168741106987,-0.282620817422867,-0.953242599964142,0.107023648917675,0.0481757819652557,0.0973259285092354,0.994085907936096,-0.0141301210969687,-0.00827176682651043,0.00997029058635235
1.42473202943802,1.42443698644638,-0.959297776222229,0.281756818294525,0.018997710198164,-0.278279542922974,-0.954616189002991,0.106153436005116,0.0480449758470058,0.0965460762381554,0.994168281555176,-0.0110010700300336,-0.00697522331029177,0.00265214941464365
1.44661003351212,1.44631999731064,-0.96050626039505,0.277593344449997,0.0192261561751366,-0.274141758680344,-0.955875873565674,0.105581887066364,0.0476866513490677,0.0961413756012917,0.994224727153778,-0.00270072463899851,-0.00698219519108534,-0.00385265983641148
1.46892404556274,1.46852600574493,-0.961712241172791,0.27338320016861,0.0192616768181324,-0.270034074783325,-0.95724219083786,0.10377299040556,0.0468078814446926,0.0945984497666359,0.994414448738098,-0.00593058299273252,-3.25488108501304e-05,0.0017539553809911
1.49048101902008,1.49024796485901,-0.962965309619904,0.268934100866318,0.0192942656576633,-0.265694409608841,-0.958668112754822,0.101793400943279,0.045872513204813,0.0928971394896507,0.99461841583252,0.00359297171235085,0.00419818889349699,-0.0140027794986963
1.51223701238632,1.51198095083237,-0.964289605617523,0.264169096946716,0.0189777389168739,-0.261007606983185,-0.960018634796143,0.101189091801643,0.0449500158429146,0.0926222652196884,0.994686186313629,-0.00319328252226114,0.00603528739884496,-0.0234870295971632
1.53471601009369,1.53445595502853,-0.96566504240036,0.259115636348724,0.0187104642391205,-0.256010591983795,-0.961385071277618,0.100981555879116,0.0441538617014885,0.0927242860198021,0.994712352752686,-0.00416246149688959,0.0106495283544064,-0.00634051440283656
1.55623799562454,1.55589497089386,-0.966983914375305,0.254133939743042,0.0189265608787537,-0.251065194606781,-0.962769865989685,0.100203186273575,0.0436869487166405,0.0921430587768555,0.994786977767944,-0.00780683849006891,0.00746026681736112,0.00261472421698272
1.58035904169083,1.57844996452332,-0.968246936798096,0.249274149537086,0.0189789086580276,-0.246293410658836,-0.964172065258026,0.0985481441020966,0.0428644381463528,0.0907445698976517,0.99495130777359,-0.0155212134122849,0.00760576361790299,0.00203136540949345
1.60057699680328,1.60031896829605,-0.969493091106415,0.244337111711502,0.0195615291595459,-0.241380274295807,-0.965546131134033,0.097243644297123,0.0426477901637554,0.0895552709698677,0.995068371295929,-0.0119936456903815,0.00111327413469553,-0.0100128268823028
1.62237501144409,1.62209796905518,-0.970746278762817,0.239257827401161,0.020184189081192,-0.236289128661156,-0.966859102249146,0.0967006534337997,0.0426516532897949,0.089102491736412,0.995108842849731,-0.0108674457296729,-0.00339700444601476,-0.0166556965559721
1.64433002471924,1.64407199621201,-0.971953392028809,0.234251484274864,0.020806223154068,-0.231262132525444,-0.968108236789703,0.0963549017906189,0.0427139550447464,0.0888407826423645,0.995129585266113,-0.0180273931473494,-0.00771003542467952,-0.00708296848461032
1.66636902093887,1.6661120057106,-0.973108232021332,0.229352787137032,0.0213929302990437,-0.226362869143486,-0.969339907169342,0.0956032499670982,0.0426638908684254,0.0881897434592247,0.995189607143402,-0.017928970977664,-0.0120932823047042,-0.00600057514384389
1.68842101097107,1.68816900253296,-0.974140167236328,0.224865481257439,0.0220551937818527,-0.221870288252831,-0.970459818840027,0.0947696641087532,0.0427141040563583,0.0874255523085594,0.995254874229431,-0.0201506167650223,-0.0152462050318718,-0.0112453624606133
1.70939803123474,1.70913797616959,-0.975069642066956,0.220724195241928,0.0228027887642384,-0.217718958854675,-0.971489012241364,0.0938479900360107,0.0428671799600124,0.0865437239408493,0.9953253865242,-0.0184722356498241,-0.0185482557862997,-0.0243737287819386
1.73241102695465,1.73216098546982,-0.975999891757965,0.21656346321106,0.022905919700861,-0.21357473731041,-0.972431540489197,0.093609981238842,0.0425469391047955,0.0864711925387383,0.995345413684845,-0.0040868790820241,-0.0107143614441156,-0.034744918346405
1.75476604700089,1.75420296192169,-0.976973295211792,0.212202727794647,0.0222102180123329,-0.209270894527435,-0.973321795463562,0.0940769463777542,0.0415810719132423,0.0872627049684525,0.995317161083221,-0.0023106571752578,-0.0109950723126531,-0.0352614596486092
1.77548003196716,1.7751179933548,-0.977892696857452,0.20799121260643,0.0215742439031601,-0.205095499753952,-0.974126219749451,0.0949413701891899,0.040763009339571,0.0884177014231682,0.995249032974243,-0.0099656730890274,-0.0076282056979835,-0.0168969389051199
1.79855298995972,1.79819697141647,-0.978684842586517,0.20426182448864,0.0212899148464203,-0.2013990432024,-0.974881112575531,0.0951069444417953,0.04018185287714,0.0887919515371323,0.99523937702179,-0.0191763937473297,-0.00137437647208571,0.00434886943548918
1.82304799556732,1.82239496707916,-0.979295134544373,0.201245546340942,0.0219350084662437,-0.198367178440094,-0.975574195384979,0.0943679884076118,0.0403903685510159,0.0880629345774651,0.995295703411102,-0.0211100354790688,-0.0071792509406805,-0.00050812924746424
1.84360998868942,1.84314900636673,-0.979866623878479,0.198375627398491,0.0225547906011343,-0.195490673184395,-0.976242423057556,0.0934574231505394,0.0405586138367653,0.0871665552258492,0.995367765426636,-0.0156379602849483,0.00561257358640432,-0.0207149963825941
1.86553102731705,1.86507600545883,-0.980429470539093,0.195567116141319,0.0226217769086361,-0.192707046866417,-0.976843595504761,0.0929556041955948,0.0402769930660725,0.0867770314216614,0.995413243770599,-0.0158914085477591,0.00874234456568956,-0.0230956748127937
1.88823902606964,1.88751995563507,-0.980919480323792,0.193060904741287,0.0229042805731297,-0.190202355384827,-0.977374017238617,0.0925377085804939,0.0402514599263668,0.0864155814051628,0.995445728302002,-0.0252219401299953,0.0095756696537137,-0.0162730365991592
1.90894502401352,1.90849596261978,-0.981374025344849,0.190726742148399,0.022987637668848,-0.187886193394661,-0.977861225605011,0.0921215489506721,0.0400487594306469,0.0860866382718086,0.995482385158539,-0.0267865341156721,0.00595516571775079,-0.0108347488567233
1.93217104673386,1.93149399757385,-0.981741726398468,0.188791885972023,0.023256741464138,-0.185951128602028,-0.978268504142761,0.0917225033044815,0.0400677993893623,0.0857231914997101,0.995512962341309,-0.0305762700736523,0.00439645349979401,0.00305082835257053
1.9553530216217,1.95332896709442,-0.981966614723206,0.187410652637482,0.0248791668564081,-0.184471607208252,-0.978628993034363,0.0908604934811592,0.0413756966590881,0.0846324637532234,0.995552837848663,-0.038536362349987,-0.00156199489720166,0.0184562522917986
1.97831600904465,1.97756296396255,-0.982043504714966,0.186787873506546,0.0264777354896069,-0.183767080307007,-0.978871822357178,0.0896645858883858,0.0426665656268597,0.0831887796521187,0.995620012283325,-0.0447502918541431,-0.007060875184834,0.0137474443763494
1.99820202589035,1.99752199649811,-0.982011914253235,0.186741575598717,0.0279346108436584,-0.183673813939095,-0.979041516780853,0.087986908853054,0.0437799543142319,0.0812733247876167,0.995729863643646,-0.0386700034141541,-0.00738052697852254,0.00441211508587003
2.01986902952194,2.01917999982834,-0.981861233711243,0.187335222959518,0.0292264595627785,-0.184217184782028,-0.979050993919373,0.0867369771003723,0.0448630824685097,0.0797796547412872,0.995802462100983,-0.035821758210659,-0.0101105570793152,-0.00750871142372489
2.04240602254868,2.04105299711227,-0.981511235237122,0.188876330852509,0.0310045015066862,-0.185652196407318,-0.978854894638062,0.0858848765492439,0.0465705320239067,0.0785409286618233,0.995822548866272,-0.0357526987791061,-0.0131599204614758,-0.0177730526775122
2.0626540184021,2.06241798400879,-0.981091439723969,0.190973997116089,0.0314403586089611,-0.18775463104248,-0.978536367416382,0.0849395915865898,0.0469867847859859,0.077430434525013,0.995889961719513,-0.0293048806488514,-0.00867307838052511,-0.0139214629307389
2.08507704734802,2.08460795879364,-0.980575799942017,0.193560302257538,0.0317114591598511,-0.190340995788574,-0.97808712720871,0.0843561217188835,0.0473445653915405,0.0766815766692162,0.995930910110474,-0.0242272615432739,-0.0140172932296991,-0.0174510218203068
2.10713201761246,2.10682797431946,-0.979937314987183,0.19677659869194,0.0316512323915958,-0.193593889474869,-0.977520763874054,0.0835142359137535,0.0473733805119991,0.075711227953434,0.996003806591034,-0.0249436162412167,-0.0174836944788694,-0.00765830790624022
2.12888503074646,2.12860900163651,-0.979293584823608,0.200069800019264,0.0309219770133495,-0.19695283472538,-0.976883232593536,0.0831187814474106,0.0468367226421833,0.0753075182437897,0.996059775352478,-0.0074080997146666,-0.0208546053618193,-0.00976907089352608
2.15106904506683,2.15078997612,-0.978677749633789,0.20329438149929,0.0293471217155457,-0.200258806347847,-0.976155877113342,0.083761639893055,0.0456756353378296,0.0760986283421516,0.996053576469421,0.00755757000297308,-0.0174499116837978,0.00194347288925201
2.17324101924896,2.17296999692917,-0.978040754795074,0.206539005041122,0.0278924554586411,-0.203582257032394,-0.97542268037796,0.0842908695340157,0.0446162819862366,0.0767614915966988,0.996050715446472,0.011153562925756,-0.0173326693475246,0.00984467752277851
2.19503903388977,2.19475799798965,-0.977355062961578,0.209893330931664,0.0268655121326447,-0.207000568509102,-0.974691271781921,0.0844253823161125,0.0439059063792229,0.0769524052739143,0.996067583560944,0.0112710287794471,-0.0193801559507847,0.00607733288779855
2.21591603755951,2.21564298868179,-0.976612448692322,0.213498190045357,0.025431077927351,-0.210713014006615,-0.973909437656403,0.0842646136879921,0.042757909744978,0.0769352093338966,0.99611884355545,0.0107368649914861,-0.0198155865073204,0.0024359745439142
2.23899102210999,2.23871999979019,-0.975842297077179,0.217184141278267,0.0237270928919315,-0.214498594403267,-0.973037898540497,0.0847804099321365,0.0415003187954426,0.0776428729295731,0.996117115020752,0.0160061437636614,-0.0179417617619038,-0.0179667472839355
2.26107001304626,2.26080995798111,-0.975081384181976,0.220755979418755,0.0219766832888126,-0.218179926276207,-0.972183465957642,0.0851865634322166,0.0401708111166954,0.0782689675688744,0.996122598648071,0.0169260241091251,-0.014621177688241,-0.0201127305626869
2.28323400020599,2.2829470038414,-0.974402844905853,0.223945945501328,0.019681753590703,-0.221529006958008,-0.9713996052742,0.0854853615164757,0.0382629483938217,0.0789370909333229,0.996145009994507,0.0156992096453905,-0.00670824386179447,-0.0150396814569831
2.30482602119446,2.3045539855957,-0.973750829696655,0.226926952600479,0.0177061967551708,-0.224640130996704,-0.970644056797028,0.0859472677111626,0.0366901680827141,0.0797136947512627,0.996142327785492,0.00639943452551961,-0.00485779112204909,-0.00970177724957466
2.32920104265213,2.32891595363617,-0.973077118396759,0.229927465319633,0.0159499235451221,-0.22775910794735,-0.969886422157288,0.0862915590405464,0.035310409963131,0.0803355947136879,0.996142268180847,-0.00500039523467422,-0.00326227606274188,0.00548062147572637
2.34907603263855,2.34880799055099,-0.97226220369339,0.233413949608803,0.0149752907454967,-0.231306180357933,-0.969030380249023,0.0864731520414352,0.0346955507993698,0.0806106925010681,0.996141612529755,-0.0192196555435658,-0.0108474036678672,0.0260793678462505
2.37187302112579,2.37106996774673,-0.97132796049118,0.237310707569122,0.0143421487882733,-0.235279470682144,-0.968172550201416,0.0853552371263504,0.0341413877904415,0.0795335173606873,0.996247351169586,-0.0226909313350916,-0.0087609738111496,0.0322580933570862
2.39205002784729,2.39175796508789,-0.970406591892242,0.241090372204781,0.0136574925854802,-0.239160940051079,-0.967375516891479,0.083586148917675,0.0333637408912182,0.0778462067246437,0.996406972408295,-0.00665195612236857,-0.0146194184198976,0.0232929456979036
2.41429102420807,2.41396600008011,-0.969618201255798,0.244287192821503,0.0128172542899847,-0.242448449134827,-0.966649115085602,0.0825119167566299,0.0325463935732841,0.076897531747818,0.99650764465332,0.00462328363209963,-0.0112533420324326,0.011476525105536
2.43705999851227,2.4368069767952,-0.968920171260834,0.247082084417343,0.0120123587548733,-0.245302319526672,-0.965943872928619,0.082336463034153,0.0319471284747124,0.0768307968974113,0.996532201766968,0.0163458548486233,-0.0135345049202442,0.0187947656959295
2.45910203456879,2.45882099866867,-0.968188464641571,0.249934613704681,0.0119918072596192,-0.248163342475891,-0.965254127979279,0.0818503946065903,0.0320323891937733,0.0762706845998764,0.996572494506836,0.0186293814331293,-0.0230842940509319,0.0313472598791122
2.48109102249146,2.48083597421646,-0.967218160629272,0.253602743148804,0.013217787258327,-0.251794874668121,-0.964483380317688,0.0798196718096733,0.0329908207058907,0.073874868452549,0.996721684932709,0.00755677698180079,-0.0307912901043892,0.00989001616835594
2.50371503829956,2.50323498249054,-0.966046333312988,0.257975339889526,0.0142591316252947,-0.25616455078125,-0.963537812232971,0.0772962644696236,0.0336797460913658,0.0710190907120705,0.996906220912933,0.00675180833786726,-0.0356187671422958,-0.0291405562311411
2.52556604146957,2.52531200647354,-0.964876890182495,0.262309402227402,0.0143683264032006,-0.260553449392319,-0.962532579898834,0.0751197412610054,0.0335345976054668,0.0687375888228416,0.997071027755737,0.0200903713703156,-0.0303032267838717,-0.0557396709918976
2.54790502786636,2.54733097553253,-0.96379429101944,0.266321897506714,0.0131578063592315,-0.264662086963654,-0.961464703083038,0.074428103864193,0.0324725992977619,0.0682510063052177,0.997139573097229,0.036442719399929,-0.0224041771143675,-0.0218118410557508
2.56968003511429,2.56938600540161,-0.962720811367035,0.27017679810524,0.0131545132026076,-0.268567115068436,-0.960520386695862,0.0726104825735092,0.0322528444230556,0.0663707554340363,0.997273623943329,0.0344557836651802,-0.0267089791595936,-0.000437559647252783
2.59154200553894,2.59127700328827,-0.961650490760803,0.273937910795212,0.0136569645255804,-0.272359400987625,-0.959618091583252,0.0703817903995514,0.0323857069015503,0.0639630705118179,0.997426629066467,0.0245669987052679,-0.0383676029741764,-0.00762402452528477
2.61312901973724,2.61265599727631,-0.960419416427612,0.278160482645035,0.0148728005588055,-0.276588767766953,-0.958607375621796,0.067605122923851,0.0330622494220734,0.0608156286180019,0.997601270675659,0.00292516849003732,-0.048910990357399,-0.0250732637941837
2.63532704114914,2.63507097959518,-0.959062576293945,0.282771915197372,0.015457515604794,-0.281197279691696,-0.957350969314575,0.0663862973451614,0.0335704497992992,0.059322003275156,0.997674286365509,-0.0055385772138834,-0.0641526430845261,-0.0349032580852509
2.65786403417587,2.65715795755386,-0.957537233829498,0.28787237405777,0.015872647985816,-0.286285519599915,-0.955884993076324,0.0657611042261124,0.0341032296419144,0.058424599468708,0.997709155082703,-0.018337557092309,-0.0729718059301376,-0.0178548209369183
2.6794890165329,2.67915499210358,-0.955917119979858,0.293203234672546,0.0159462653100491,-0.291658997535706,-0.954370200634003,0.0641283616423607,0.0340212844312191,0.0566505268216133,0.997814238071442,-0.0158683098852634,-0.0889478102326393,-0.00706856651231647
2.70240902900696,2.70136696100235,-0.954126834869385,0.298924118280411,0.0169245302677155,-0.29728564620018,-0.95257556438446,0.0649698376655579,0.0355429425835609,0.0569580420851707,0.997743666172028,-0.0146306464448571,-0.0915395617485046,0.0145588805899024
2.72266900539398,2.72205197811127,-0.952120363712311,0.3051598072052,0.0185517556965351,-0.303481340408325,-0.950731992721558,0.0633057132363319,0.036956112831831,0.054644551128149,0.997821748256683,-0.0149718010798097,-0.0994292721152306,0.028842855244875
2.74626499414444,2.74571597576141,-0.949764609336853,0.312255769968033,0.0210660137236118,-0.310446888208389,-0.948506891727448,0.0629101470112801,0.0396253131330013,0.0532099455595016,0.997796833515167,-0.0114809833467007,-0.0885333344340324,0.0137422764673829
2.76822799444199,2.76776498556137,-0.947203278541565,0.319814056158066,0.0229137651622295,-0.317989438772202,-0.946148753166199,0.0607068687677383,0.0410947389900684,0.050215408205986,0.997892618179321,0.00419122958555818,-0.0794451087713242,-0.0129258846864104
2.79362601041794,2.79051297903061,-0.944460093975067,0.327759355306625,0.0238547958433628,-0.325889438390732,-0.943472445011139,0.0604646056890488,0.0423241816461086,0.0493323802947998,0.997885227203369,0.0109153436496854,-0.0640165954828262,-0.0179381109774113
2.8122770190239,2.81158995628357,-0.941662669181824,0.335668355226517,0.0244572870433331,-0.333834022283554,-0.940798401832581,0.0587641932070255,0.042734656482935,0.0471713729202747,0.997972249984741,0.0257695447653532,-0.0533879026770592,-0.00912308786064386
2.83512401580811,2.83442598581314,-0.938796997070312,0.343630880117416,0.024043383076787,-0.341863483190536,-0.937990188598633,0.057479415088892,0.0423041582107544,0.0457419492304325,0.998057126998901,0.0261948686093092,-0.0475468300282955,0.00646472163498402
2.8571560382843,2.85588997602463,-0.935766100883484,0.351822793483734,0.0237177442759275,-0.350144386291504,-0.935046970844269,0.0555527657270432,0.0417219325900078,0.0436797589063644,0.998174011707306,0.01294503826648,-0.0425002127885818,0.014729798771441
2.87914502620697,2.87841498851776,-0.932495176792145,0.360404938459396,0.0236881077289581,-0.358858853578568,-0.931928694248199,0.0522430278360844,0.0409042686223984,0.0402156822383404,0.99835342168808,-0.00267907953821123,-0.0393707416951656,0.0186170861124992
2.9019770026207,2.90083199739456,-0.928909003734589,0.369481354951859,0.0247310623526573,-0.36801478266716,-0.928516387939453,0.0492184460163116,0.0411484912037849,0.0366180613636971,0.998481810092926,-0.0174137130379677,-0.0413272082805634,0.0216446481645107
2.92200899124146,2.92129296064377,-0.924876034259796,0.379375874996185,0.0260477401316166,-0.378032386302948,-0.924694955348969,0.0450657270848751,0.0411830581724644,0.0318333171308041,0.998644351959229,-0.0241384189575911,-0.0607082024216652,0.00712826568633318
2.94499003887177,2.94431799650192,-0.920608639717102,0.389549046754837,0.0270425155758858,-0.388331323862076,-0.920595467090607,0.0412644669413567,0.0409697517752647,0.0274869669228792,0.998782217502594,-0.0398520156741142,-0.0599470809102058,0.00477893557399511
2.96716600656509,2.96649098396301,-0.916147828102112,0.399854719638824,0.0280974730849266,-0.398802220821381,-0.916307032108307,0.0365839898586273,0.0403741896152496,0.0223110057413578,0.998935520648956,-0.0613953247666359,-0.0992802679538727,-0.0183374434709549
2.98906004428864,2.98796796798706,-0.91120845079422,0.410824418067932,0.0303733665496111,-0.409774422645569,-0.911498785018921,0.0354264564812183,0.0422393381595612,0.0198346562683582,0.99891060590744,-0.0772163569927216,-0.117344543337822,-0.0282805431634188
3.01141703128815,3.01072996854782,-0.905461013317108,0.423185288906097,0.0324752181768417,-0.422137022018433,-0.905872106552124,0.0345840156078339,0.0440538376569748,0.0176054872572422,0.998874008655548,-0.112742677330971,-0.136283904314041,-0.027249027043581
3.03197503089905,3.03119796514511,-0.898546755313873,0.437425971031189,0.0356702879071236,-0.436364948749542,-0.899131178855896,0.0338943153619766,0.0468985214829445,0.0148903634399176,0.99878865480423,-0.137150764465332,-0.150309786200523,-0.0348874777555466
3.05369001626968,3.05345696210861,-0.890512108802795,0.453253477811813,0.0393642410635948,-0.452225655317307,-0.891312479972839,0.0324677899479866,0.0498019754886627,0.0111114392057061,0.998697280883789,-0.149249657988548,-0.165392935276031,-0.0658473744988441
3.07601702213287,3.07571399211884,-0.881195962429047,0.470777779817581,0.0431511849164963,-0.469763189554214,-0.882217347621918,0.0318626090884209,0.0530689284205437,0.00780636724084616,0.998560309410095,-0.150177672505379,-0.169507622718811,-0.0923210084438324
3.09784501791,3.09757399559021,-0.870601952075958,0.489755928516388,0.0468122623860836,-0.488583564758301,-0.871829092502594,0.0346419736742973,0.0577784068882465,0.00728766433894634,0.998302817344666,-0.138795644044876,-0.168162599205971,-0.101443871855736
3.11916303634644,3.11888498067856,-0.858853280544281,0.509698212146759,0.0507820174098015,-0.508082807064056,-0.860294222831726,0.0417825803160667,0.0649839788675308,0.0100836399942636,0.997835338115692,-0.118926241993904,-0.152797490358353,-0.0959756746888161
3.14221799373627,3.14193898439407,-0.845457196235657,0.530914962291718,0.0577189773321152,-0.52846497297287,-0.84730589389801,0.0528913326561451,0.0769864320755005,0.0142148993909359,0.996930778026581,-0.111821427941322,-0.134242460131645,-0.0867026224732399
3.1648850440979,3.16460597515106,-0.829428791999817,0.554208040237427,0.0700096935033798,-0.550451278686523,-0.832211673259735,0.0665375664830208,0.0951385349035263,0.0166512448340654,0.995324790477753,-0.13506843149662,-0.0680754706263542,-0.183492973446846
3.18587499856949,3.18558597564697,-0.809470295906067,0.581417322158813,0.0819248855113983,-0.576433658599854,-0.813457071781158,0.0775362476706505,0.111723303794861,0.0155390258878469,0.993617832660675,-0.128875285387039,-0.0462888218462467,-0.258350521326065
3.21576201915741,3.21548599004745,-0.786134123802185,0.611497163772583,0.0898027643561363,-0.606256127357483,-0.791198492050171,0.0803650319576263,0.120194800198078,0.00873421505093575,0.992711901664734,-0.111689545214176,-0.0424987338483334,-0.253595471382141
3.23018300533295,3.22993898391724,-0.760644376277924,0.642307579517365,0.0941345766186714,-0.637543737888336,-0.766446888446808,0.0780859142541885,0.122304312884808,-0.000619303435087204,0.992492437362671,-0.0864684507250786,0.0125951860100031,-0.222778543829918
3.25201201438904,3.25174295902252,-0.734207928180695,0.671832323074341,0.0978778973221779,-0.667478799819946,-0.740649938583374,0.0768751204013824,0.124140448868275,-0.00888910517096519,0.992224812507629,-0.0122447786852717,0.0193037055432796,-0.256478160619736
3.2739280462265,3.27365899085999,-0.708795726299286,0.698944091796875,0.0953194200992584,-0.693869590759277,-0.715147912502289,0.0843117386102676,0.12709666788578,-0.00637943670153618,0.991869807243347,0.0401436313986778,0.0441353507339954,-0.190533742308617
3.29609704017639,3.29581898450851,-0.685648262500763,0.723093330860138,0.0837999507784843,-0.715826094150543,-0.690670549869537,0.102796614170074,0.132209703326225,0.0104961283504963,0.991166174411774,0.108091950416565,0.107801496982574,-0.000670354464091361
3.3175790309906,3.31730997562408,-0.665298163890839,0.742823004722595,0.0747824609279633,-0.732541441917419,-0.668838918209076,0.126639753580093,0.144088342785835,0.0294719412922859,0.989125847816467,0.158812612295151,0.140662595629692,0.179341912269592
3.34034603834152,3.34007596969604,-0.645994603633881,0.759554147720337,0.0759509950876236,-0.746281743049622,-0.649341106414795,0.14635457098484,0.160482317209244,0.0378634184598923,0.986312210559845,0.154686346650124,0.165779009461403,0.285018265247345
3.36965304613113,3.3694109916687,-0.626765668392181,0.774772942066193,0.0830172598361969,-0.759383976459503,-0.631222605705261,0.157778710126877,0.174645036458969,0.0358482897281647,0.983978688716888,0.0613345168530941,0.179614037275314,0.19743387401104
3.38397401571274,3.38370895385742,-0.606884598731995,0.790002465248108,0.0871051847934723,-0.773433804512024,-0.612255096435547,0.164146363735199,0.18300661444664,0.0322478041052818,0.982582628726959,0.000786207499913871,0.191520631313324,0.092415414750576
3.40630900859833,3.40605098009109,-0.586041510105133,0.806155443191528,0.0816624611616135,-0.789348125457764,-0.590755045413971,0.16714671254158,0.182988747954369,0.0334948003292084,0.982544243335724,-0.0592371970415115,0.208803206682205,0.0462497025728226
3.42711001634598,3.42683500051498,-0.565220057964325,0.821967840194702,0.0699642449617386,-0.805764198303223,-0.568272411823273,0.16676427423954,0.176833629608154,0.037883847951889,0.983511388301849,-0.0278751105070114,0.21687413752079,0.0504822283983231
3.45042502880096,3.45017397403717,-0.546813726425171,0.835367619991302,0.0561765767633915,-0.820098459720612,-0.54791522026062,0.165007695555687,0.168622091412544,0.0441581420600414,0.984691143035889,0.0803159773349762,0.210463628172874,0.101573467254639
3.47245699167252,3.47220498323441,-0.532856643199921,0.845148980617523,0.0422744862735271,-0.83110123872757,-0.532088875770569,0.161716669797897,0.159168437123299,0.051037423312664,0.98593133687973,0.185218811035156,0.192157939076424,0.201858460903168
3.49444401264191,3.49419099092484,-0.524291098117828,0.850955545902252,0.0315194763243198,-0.838396012783051,-0.522323369979858,0.155789583921432,0.14903336763382,0.0552532747387886,0.987287282943726,0.220499575138092,0.152081698179245,0.244092673063278
3.51602101325989,3.51576197147369,-0.520703434944153,0.853392779827118,0.0242642126977444,-0.842487394809723,-0.518233001232147,0.147137850522995,0.138140887022018,0.0561728924512863,0.988818347454071,0.191637873649597,0.09376260638237,0.244647189974785
3.53914701938629,3.53883898258209,-0.521297931671143,0.853147566318512,0.0196907743811607,-0.843892157077789,-0.518798291683197,0.136727318167686,0.126864105463028,0.0546587705612183,0.990413010120392,0.139106065034866,0.0386285595595837,0.209269806742668
3.56053900718689,3.5602839589119,-0.525002598762512,0.850924551486969,0.0173138827085495,-0.843213140964508,-0.522792637348175,0.125217765569687,0.115602433681488,0.0511403568089008,0.991978168487549,0.080622598528862,-0.0240589696913958,0.122166186571121
3.58269000053406,3.5824259519577,-0.530326187610626,0.847656548023224,0.01525017619133,-0.841363966464996,-0.528430163860321,0.113438382744789,0.104215443134308,0.0473283939063549,0.993427991867065,0.035605400800705,-0.0722152963280678,0.0508010312914848
