timestamp,ts,m11,m12,m13,m21,m22,m23,m31,m32,m33,ax,ay,az
0.0950319766998291,0.0946090221405029,0.999990582466125,-0.00184021110180765,0.00393316382542253,0.00184430263470858,0.999997735023499,-0.0010368978837505,-0.00393124716356397,0.0010441419435665,0.999991714954376,0.0,0.0,0.0
0.116570949554443,0.116108000278473,0.99891060590744,-0.0226436611264944,0.0408025085926056,0.00189223140478134,0.893315017223358,0.449427098035812,-0.0466261655092239,-0.448860317468643,0.892384707927704,-0.0326380431652069,0.00519797997549176,0.0730029717087746
0.138812959194183,0.138433992862701,0.998539447784424,-0.0350379608571529,0.0411249846220016,0.0136814825236797,0.900370299816132,0.43490931391716,-0.0522660538554192,-0.433711439371109,0.899534702301025,-0.0283482801169157,0.11178919672966,0.0802139937877655
0.161061942577362,0.160762012004852,0.998342990875244,-0.0403209291398525,0.0410545095801353,0.0191585309803486,0.905654191970825,0.423583984375,-0.0542604848742485,-0.422095537185669,0.904926061630249,0.132683545351028,0.1678466796875,-0.0478937849402428
0.18291699886322,0.182529032230377,0.997797429561615,-0.0456241443753242,0.0481526143848896,0.0217668022960424,0.910908162593842,0.412034660577774,-0.0626613348722458,-0.410079032182693,0.909894943237305,0.117595367133617,0.121324203908443,-0.010789891704917
0.204700946807861,0.204082012176514,0.995618283748627,-0.0590323358774185,0.0725214332342148,0.0264102518558502,0.921486139297485,0.387512385845184,-0.0897032469511032,-0.383899092674255,0.919007539749146,0.0764582008123398,0.0583802685141563,0.00885126926004887
0.226525962352753,0.226146996021271,0.991966187953949,-0.0775830745697021,0.0999199450016022,0.0383691415190697,0.937170803546906,0.346754610538483,-0.120544344186783,-0.340134978294373,0.932618498802185,0.0945488587021828,-0.00560136744752526,0.114747405052185
0.248734951019287,0.248359024524689,0.990582048892975,-0.0865134373307228,0.106125324964523,0.0503192767500877,0.950872004032135,0.305467486381531,-0.127338647842407,-0.29725044965744,0.946270048618317,0.00296065444126725,0.0515764839947224,0.122219160199165
0.27048796415329,0.26983904838562,0.991715908050537,-0.0828002989292145,0.0982020050287247,0.0512646436691284,0.95611959695816,0.288456708192825,-0.117777168750763,-0.281032830476761,0.952443718910217,0.108562722802162,0.214924618601799,-0.203775733709335
0.292945981025696,0.292567014694214,0.992492258548737,-0.0788023397326469,0.0935374647378922,0.048319049179554,0.955190360546112,0.292021572589874,-0.112358078360558,-0.285309493541718,0.951826751232147,0.172272816300392,0.179426968097687,-0.107178993523121
0.334210991859436,0.333597004413605,0.99378776550293,-0.0779530256986618,0.0794301852583885,0.0524688363075256,0.957589328289032,0.283319145441055,-0.0981470867991447,-0.277391523122787,0.955730676651001,0.0650258883833885,0.087350532412529,-0.0812413841485977
0.336232960224152,0.335987031459808,0.99372786283493,-0.0802469551563263,0.0778802484273911,0.0555862933397293,0.958781540393829,0.278654038906097,-0.0970312803983688,-0.272577226161957,0.957228600978851,0.0322717316448689,0.114850953221321,0.0123433414846659
0.358442962169647,0.358159005641937,0.994325816631317,-0.0761110112071037,0.0743186473846436,0.0545350387692451,0.964555859565735,0.258181899785995,-0.0913349688053131,-0.252663940191269,0.963233530521393,0.0762107372283936,0.0874818116426468,0.0485759451985359
0.379459977149963,0.379172027111053,0.995085537433624,-0.0686624720692635,0.0713460668921471,0.0497598685324192,0.969693601131439,0.239203497767448,-0.0856081321835518,-0.234477773308754,0.968344688415527,0.11433007568121,0.134863913059235,-0.0355615690350533
0.402772963047028,0.402474045753479,0.994886934757233,-0.0665580332279205,0.0759604796767235,0.0470933578908443,0.9710773229599,0.234074801206589,-0.0893430635333061,-0.229300737380981,0.969246625900269,0.051378570497036,0.0455372110009193,-0.0709450393915176
0.424933969974518,0.424682021141052,0.995252251625061,-0.0650261491537094,0.0724191963672638,0.0470843613147736,0.972876727581024,0.226481586694717,-0.0851821750402451,-0.221996486186981,0.971319496631622,0.0305490773171186,0.0648147091269493,-0.0926758721470833
0.446894943714142,0.446618020534515,0.99589067697525,-0.0619324520230293,0.0660769268870354,0.0463125929236412,0.975273609161377,0.216093689203262,-0.0778262987732887,-0.212145507335663,0.974134147167206,0.0638338848948479,0.0893541947007179,-0.0739615485072136
0.46921694278717,0.468834042549133,0.996394515037537,-0.058600977063179,0.0613502487540245,0.0448852851986885,0.977744162082672,0.204943105578423,-0.0719947144389153,-0.201450482010841,0.976849257946014,0.076441191136837,0.0885185524821281,-0.000994983362033963
0.491157948970795,0.490806043148041,0.996176481246948,-0.057042121887207,0.066171407699585,0.0425531715154648,0.978311061859131,0.202723100781441,-0.0762999802827835,-0.199132189154625,0.976997792720795,0.0683839321136475,0.062372762709856,0.00679820822551847
0.51292496919632,0.512571036815643,0.996234059333801,-0.0558230578899384,0.0663441345095634,0.0418754518032074,0.979788899421692,0.195602178573608,-0.0759223625063896,-0.192087352275848,0.978436648845673,0.0438831970095634,0.0566861554980278,0.0245944708585739
0.535307943820953,0.534951031208038,0.996001243591309,-0.0551476962864399,0.070286862552166,0.0407939068973064,0.980669617652893,0.191371276974678,-0.07948187738657,-0.187738761305809,0.978997826576233,0.0640765354037285,0.0689500197768211,0.0321289524435997
0.557609975337982,0.556910991668701,0.996226370334625,-0.0542717538774014,0.0677316561341286,0.0409282706677914,0.981923341751099,0.18480096757412,-0.0765367671847343,-0.181331470608711,0.980439186096191,0.0656259432435036,0.0469835959374905,-0.0158834345638752
0.578260958194733,0.577902019023895,0.996168792247772,-0.0528656356036663,0.0696633905172348,0.0391664169728756,0.981939435005188,0.185097098350525,-0.0781905055046082,-0.181659489870071,0.980247974395752,0.0633309930562973,0.0629962757229805,-0.0741801336407661
0.601358950138092,0.600410997867584,0.99638420343399,-0.0509555712342262,0.0679856464266777,0.0379177257418633,0.982774078845978,0.180879279971123,-0.0760313346982002,-0.177647396922112,0.981152713298798,0.0703049749135971,0.0581070594489574,-0.0532406009733677
0.621674954891205,0.621272027492523,0.996229410171509,-0.0502474755048752,0.0707259401679039,0.0367451459169388,0.982853829860687,0.180687978863716,-0.0785923823714256,-0.177407845854759,0.98099422454834,0.0415663942694664,0.0397272855043411,-0.0297021735459566
0.644944965839386,0.644581019878387,0.996268332004547,-0.0503774210810661,0.0700819566845894,0.0371332094073296,0.983173012733459,0.178863063454628,-0.0779133513569832,-0.175593242049217,0.981374800205231,0.0219862516969442,0.0312800630927086,-0.0209903009235859
0.667670965194702,0.66718602180481,0.996143758296967,-0.0511414483189583,0.0712892711162567,0.0375470221042633,0.982869803905487,0.180436015129089,-0.0792958289384842,-0.177063524723053,0.980999827384949,0.0263979136943817,0.0365303866565228,-0.0291930343955755
0.687551975250244,0.687193036079407,0.996228396892548,-0.0509680323302746,0.0702231228351593,0.0376361571252346,0.983028054237366,0.179553344845772,-0.0781827867031097,-0.176233217120171,0.981238663196564,0.0470145083963871,0.0519441068172455,-0.0288779195398092
0.71103298664093,0.710671007633209,0.802543461322784,-0.592736542224884,0.0677302479743958,0.575000107288361,0.798762261867523,0.177069813013077,-0.159056097269058,-0.103161312639713,0.981864988803864,0.0437129028141499,0.0530616156756878,-0.00376120931468904
0.741637945175171,0.741201996803284,0.802440762519836,-0.592859089374542,0.0678743198513985,0.575061023235321,0.798655450344086,0.177353367209435,-0.159353762865067,-0.103283688426018,0.981803894042969,0.0492280870676041,0.0524144023656845,0.00812529027462006
0.755262970924377,0.754631996154785,0.802807331085205,-0.592591762542725,0.0658436045050621,0.57533061504364,0.798905432224274,0.175342082977295,-0.156509101390839,-0.10288405418396,0.982303321361542,0.0418873056769371,0.0489382781088352,-0.00410112040117383
0.777045965194702,0.776687026023865,0.803317785263062,-0.591766715049744,0.0670274570584297,0.57428765296936,0.799520254135132,0.175957649946213,-0.157715708017349,-0.102856867015362,0.982113122940063,0.0730699375271797,0.0693597570061684,-0.0156590770930052
0.800291001796722,0.799461007118225,0.804310441017151,-0.59093827009201,0.0622629970312119,0.574996650218964,0.800449669361115,0.169290035963058,-0.149878352880478,-0.100360721349716,0.983597576618195,0.0505289882421494,0.0560087785124779,-0.00703352130949497
0.821183979511261,0.820827007293701,0.805232167243958,-0.590068459510803,0.0584832429885864,0.575247168540955,0.801296591758728,0.164360821247101,-0.143846571445465,-0.0987063050270081,0.984665036201477,0.0488244332373142,0.0472343638539314,-0.0144652165472507
0.842969954013824,0.842621028423309,0.805981040000916,-0.589400172233582,0.0547905787825584,0.57555627822876,0.801934242248535,0.160113513469696,-0.138309359550476,-0.097513385117054,0.985576808452606,0.0431633815169334,0.0388824194669724,-0.00723629584535956
0.865726947784424,0.864776015281677,0.806490659713745,-0.58890962600708,0.0525184907019138,0.575745582580566,0.802448391914368,0.156823381781578,-0.134498193860054,-0.0962393060326576,0.986229300498962,0.026990532875061,0.0297939740121365,0.00502812722697854
0.886241972446442,0.885888993740082,0.807454466819763,-0.587948381900787,0.0483113303780556,0.575685918331146,0.80319881439209,0.153157711029053,-0.128852427005768,-0.095855712890625,0.987020134925842,0.0393391624093056,0.0310111008584499,-0.00466383341699839
0.909116983413696,0.908758997917175,0.808506786823273,-0.586755335330963,0.0451106019318104,0.57506138086319,0.804017543792725,0.151195645332336,-0.124984577298164,-0.096301332116127,0.987474024295807,0.0371760278940201,0.0225488003343344,-0.0111527051776648
0.931173980236053,0.930799007415771,0.809953212738037,-0.584972620010376,0.0422227494418621,0.573738694190979,0.805214464664459,0.149845167994499,-0.121653690934181,-0.0971427410840988,0.987807512283325,0.0263078305870295,0.0279732160270214,-0.00563121680170298
0.955354988574982,0.954748034477234,0.811270892620087,-0.583371698856354,0.0389487370848656,0.572613894939423,0.806235313415527,0.148653626441956,-0.118122167885303,-0.0982957556843758,0.98812198638916,0.0291831195354462,0.0249963961541653,-0.0107488455250859
0.977662980556488,0.976230025291443,0.812346458435059,-0.582118928432465,0.0350827947258949,0.572054803371429,0.8071049451828,0.146064445376396,-0.113342382013798,-0.0985856503248215,0.98865282535553,0.0141172204166651,0.0178448408842087,0.00447617145255208
0.997818946838379,0.997285008430481,0.813348412513733,-0.580898284912109,0.0319613926112652,0.571422815322876,0.807985126972198,0.143651962280273,-0.109271511435509,-0.098575621843338,0.989112019538879,0.0159701779484749,0.0196437891572714,0.00585090788081288
1.02073895931244,1.01964104175568,0.814161658287048,-0.57993221282959,0.0286253802478313,0.570934653282166,0.808557331562042,0.142367914319038,-0.105709001421928,-0.0995672717690468,0.989399790763855,0.0204924494028091,0.019336299970746,-0.0214339420199394
1.0404309630394,1.03991603851318,0.814823687076569,-0.579089462757111,0.0267900340259075,0.570372045040131,0.809104263782501,0.141513362526894,-0.10362483561039,-0.100028157234192,0.989573776721954,0.00460375286638737,0.0230746511369944,-0.0222823023796082
1.06357699632645,1.06309103965759,0.815718829631805,-0.57789421081543,0.0253185220062733,0.569301605224609,0.809803545475006,0.141823321580887,-0.102461919188499,-0.101274080574512,0.989568173885345,-0.00612984411418438,0.0203023329377174,-0.0311380308121443
1.08580899238586,1.08498603105545,0.816561698913574,-0.576739311218262,0.0244680121541023,0.568248629570007,0.810554385185242,0.141757041215897,-0.101589523255825,-0.10184945166111,0.989599049091339,-0.0105814272537827,0.0176115371286869,-0.0134984962642193
1.10828095674515,1.10773599147797,0.817079901695251,-0.576047718524933,0.0234403721988201,0.567626535892487,0.810919761657715,0.142159104347229,-0.100898697972298,-0.10284997522831,0.989566206932068,-0.0270509589463472,0.007637619972229,0.00366535759530962
1.12964999675751,1.12922304868698,0.817172348499298,-0.575934290885925,0.0230014994740486,0.567521095275879,0.810927748680115,0.142534136772156,-0.100742846727371,-0.103421114385128,0.989522576332092,-0.0325099751353264,0.00447261286899447,0.00766528677195311
1.15794098377228,1.15764200687408,0.817100644111633,-0.576076030731201,0.0219754911959171,0.567731142044067,0.810715675354004,0.142903581261635,-0.100139200687408,-0.104290433228016,0.98949259519577,-0.0204592049121857,0.0116779897361994,0.00733014428988099
1.17410695552826,1.1737869977951,0.816824197769165,-0.57653796672821,0.0200554542243481,0.56835412979126,0.810213446617126,0.143275007605553,-0.0988526791334152,-0.10563188791275,0.989479660987854,-0.0066932076588273,0.0100810397416353,6.92857574904338e-05
1.19409096240997,1.19379103183746,0.816776692867279,-0.576673090457916,0.017998680472374,0.568675220012665,0.809930682182312,0.143599539995193,-0.0973876789212227,-0.107053346931934,0.989472210407257,0.00057314132573083,0.0132894711568952,-0.0119010973721743
1.21719294786453,1.21690201759338,0.816709339618683,-0.576833248138428,0.0157901123166084,0.569039940834045,0.809615194797516,0.143933072686195,-0.0958092957735062,-0.108566269278526,0.989461421966553,0.00983918830752373,0.0150573328137398,-0.0081429285928607
1.23987197875977,1.23955899477005,0.816642761230469,-0.576961398124695,0.014493178576231,0.569277763366699,0.809390842914581,0.144253998994827,-0.0949596464633942,-0.109553337097168,0.989434540271759,0.00115699763409793,0.0133335860446095,0.000542949594091624
1.2617529630661,1.26137101650238,0.816762745380402,-0.576825559139252,0.0130692943930626,0.569177210330963,0.80923056602478,0.145544305443764,-0.0945297554135323,-0.111436419188976,0.989265382289886,0.0104600451886654,0.0137236183509231,-0.0105820028111339
1.28386896848679,1.28358602523804,0.816355168819427,-0.577437937259674,0.011383906006813,0.569848358631134,0.808520555496216,0.146858245134354,-0.0940056517720222,-0.113401383161545,0.98909205198288,-0.00225744931958616,0.00576021755114198,-0.0118082286790013
1.3058939576149,1.30558001995087,0.815663814544678,-0.578447341918945,0.00954459980130196,0.571048617362976,0.80765575170517,0.146954625844955,-0.0927142798900604,-0.114415138959885,0.98909717798233,-0.000724565936252475,0.00906095560640097,0.0188518203794956
1.32748299837112,1.32719004154205,0.814847052097321,-0.579613149166107,0.00852961465716362,0.572365820407867,0.806813597679138,0.14645528793335,-0.0917692333459854,-0.114456593990326,0.989180505275726,-0.00503544742241502,0.0057082143612206,0.0184316150844097
1.35027295351028,1.34998399019241,0.81448096036911,-0.580147564411163,0.00703572854399681,0.573012292385101,0.806246817111969,0.147047311067581,-0.0909816920757294,-0.115735679864883,0.989104449748993,0.00808858405798674,0.012098585255444,-0.00349505199119449
1.37238699197769,1.37158203125,0.81441068649292,-0.580259740352631,0.00582068413496017,0.573212444782257,0.806000351905823,0.147617340087891,-0.0903478786349297,-0.116884648799896,0.989027440547943,0.016578134149313,0.0197486877441406,-0.00596769666299224
1.39286994934082,1.39258402585983,0.814257740974426,-0.580485761165619,0.00452947244048119,0.57358855009079,0.805734634399414,0.147607252001762,-0.0893334746360779,-0.117592290043831,0.989035665988922,0.00925969425588846,0.00907270796597004,0.00865848548710346
1.41633796691895,1.41516304016113,0.814148962497711,-0.580645620822906,0.00348277390003204,0.573853194713593,0.80551153421402,0.147796288132668,-0.0886226817965508,-0.118329599499702,0.989011704921722,0.011569932103157,0.00756801618263125,0.00492660887539387
1.43654698133469,1.43626201152802,0.81397545337677,-0.580889940261841,0.00329970940947533,0.574092149734497,0.805291056632996,0.148069277405739,-0.0886691808700562,-0.118630416691303,0.988971471786499,0.00619888072833419,0.00599469477310777,-0.00593207916244864
1.45971697568893,1.45944303274155,0.81409764289856,-0.580706357955933,0.00501217693090439,0.573736667633057,0.805602014064789,0.147755399346352,-0.089840330183506,-0.117411650717258,0.989011228084564,0.0131451096385717,0.00876309536397457,-0.00624328479170799
1.48217397928238,1.48152202367783,0.814158916473389,-0.580607950687408,0.00629153847694397,0.573434412479401,0.805707335472107,0.148353070020676,-0.0912041217088699,-0.117175191640854,0.988914430141449,0.0139514477923512,-0.00125935114920139,-0.0131149739027023
1.50427496433258,1.50401902198792,0.814578294754028,-0.580016374588013,0.00657914951443672,0.57278048992157,0.806103229522705,0.148727983236313,-0.0915681421756744,-0.117382168769836,0.988856256008148,0.00720476033166051,-0.00120487040840089,-0.0189562421292067
1.52590399980545,1.52561402320862,0.815029561519623,-0.579380869865417,0.00667545944452286,0.572242259979248,0.806688368320465,0.147623240947723,-0.0909150987863541,-0.116497330367565,0.989021122455597,-0.000709798303432763,0.0022680105175823,-0.00531784817576408
1.54749000072479,1.54720902442932,0.815108954906464,-0.579264998435974,0.00703214854001999,0.572239995002747,0.806995570659637,0.145943537354469,-0.0902148932218552,-0.114935800433159,0.989267945289612,-0.000139484807732515,-0.00286017474718392,0.00712071033194661
1.56992894411087,1.56963300704956,0.814929246902466,-0.579506039619446,0.00794037058949471,0.572512626647949,0.807073771953583,0.144433826208115,-0.0901087522506714,-0.113157384097576,0.989482581615448,0.00362213375046849,-0.00288976985029876,0.0067402902059257
1.59148997068405,1.59119302034378,0.814375102519989,-0.580270230770111,0.00892431288957596,0.573255360126495,0.806735157966614,0.143376082181931,-0.0903964340686798,-0.111645996570587,0.9896280169487,0.0110147707164288,-0.000102318947028834,-0.00118616956751794
1.61394596099854,1.61366701126099,0.813442289829254,-0.581564545631409,0.00971332937479019,0.574530005455017,0.805983066558838,0.142500996589661,-0.0907023102045059,-0.110335737466812,0.989746987819672,0.0116969691589475,0.0049125007353723,0.00242704898118973
1.63599795103073,1.63538300991058,0.812315464019775,-0.583134055137634,0.00991082191467285,0.576090812683105,0.804920971393585,0.142202571034431,-0.0909005925059319,-0.109803810715675,0.989787936210632,0.00484490673989058,0.00673503754660487,-0.0152169233188033
1.65799999237061,1.65772902965546,0.811361372470856,-0.584462583065033,0.00980439037084579,0.577307283878326,0.803833961486816,0.143412858247757,-0.0917005613446236,-0.110699504613876,0.989614367485046,0.00788178294897079,0.0023606123868376,-0.0283146947622299
1.67955595254898,1.67926001548767,0.810472309589386,-0.585693180561066,0.00990521907806396,0.578438580036163,0.802872836589813,0.14423593878746,-0.0924306362867355,-0.111169666051865,0.989493727684021,0.0243705492466688,0.00997384823858738,-0.0193563476204872
1.70067399740219,1.70039600133896,0.80956369638443,-0.586949229240417,0.00986087322235107,0.579583883285522,0.801846623420715,0.145342618227005,-0.0932156592607498,-0.111948899924755,0.989332258701324,0.00622928282245994,-0.00095863884780556,-0.016893345862627
1.72380197048187,1.7234520316124,0.808525741100311,-0.588365852832794,0.0105695798993111,0.580714762210846,0.800659000873566,0.147362112998962,-0.0951654613018036,-0.11300814896822,0.989026129245758,0.00168896454852074,0.000755662156734616,-0.0290250144898891
1.74635094404221,1.74599403142929,0.807292938232422,-0.590034782886505,0.0117058455944061,0.582126915454865,0.799419641494751,0.148514121770859,-0.096986398100853,-0.113080114126205,0.988840997219086,-0.0104956934228539,-0.00453152135014534,-0.0157824121415615
1.76864498853683,1.76815903186798,0.806324899196625,-0.591321587562561,0.0133770778775215,0.583194732666016,0.798607110977173,0.148696348071098,-0.0986103862524033,-0.11209612339735,0.988792419433594,-0.00928222294896841,-0.00308283325284719,0.00341034028679132
1.79003798961639,1.78952103853226,0.805629253387451,-0.592229604721069,0.0150196403264999,0.583893179893494,0.798064529895782,0.148868188261986,-0.100150786340237,-0.111162707209587,0.98874294757843,0.0022327748592943,-0.00239219493232667,-0.00860199425369501
1.81241297721863,1.81193000078201,0.805212080478668,-0.592776775360107,0.0157835260033607,0.584366679191589,0.797747611999512,0.148708760738373,-0.100742377340794,-0.110518723726273,0.98875504732132,-0.0043275598436594,-0.00444370647892356,-0.0146781597286463
1.83536094427109,1.83461201190948,0.804935693740845,-0.593150675296783,0.0158352814614773,0.584812104701996,0.797568738460541,0.147915259003639,-0.100365772843361,-0.109801605343819,0.988873243331909,0.00698518473654985,0.00179710250813514,-0.00815127976238728
1.85692298412323,1.85607302188873,0.804709792137146,-0.593469142913818,0.0153784975409508,0.585195302963257,0.797319412231445,0.147743612527847,-0.0999428555369377,-0.109891302883625,0.988906145095825,0.00921394675970078,-0.0012126921210438,-0.0172584243118763
1.8796049952507,1.87805199623108,0.804357647895813,-0.593931555747986,0.0159386433660984,0.585599541664124,0.797036468982697,0.147668302059174,-0.100408554077148,-0.109444469213486,0.988908529281616,0.00748527375981212,0.0024809380993247,-0.010221746750176
1.90318894386292,1.90240001678467,0.804086148738861,-0.594296097755432,0.0160494111478329,0.585958123207092,0.79679012298584,0.147575467824936,-0.100491538643837,-0.109259098768234,0.988920569419861,-0.0052823768928647,0.000785910175181925,-0.00760042387992144
1.92340898513794,1.92267799377441,0.803935766220093,-0.594504237174988,0.0158718302845955,0.586193680763245,0.796634793281555,0.147478550672531,-0.100320689380169,-0.109259307384491,0.98893791437149,-0.000134641537442803,-0.000104453705716878,-0.0101770954206586
1.94509994983673,1.94434201717377,0.803988039493561,-0.594447016716003,0.0153630562126637,0.586254358291626,0.796703159809113,0.146867021918297,-0.0995444655418396,-0.109072662889957,0.989036917686462,0.00314076710492373,0.00521969655528665,-0.00316582876257598
1.96727299690247,1.9665350317955,0.804278194904327,-0.594083249568939,0.0142026841640472,0.586079657077789,0.796939849853516,0.146278664469719,-0.0982203930616379,-0.10932482779026,0.989141464233398,0.0072141564451158,0.000984474434517324,-0.0106601724401116
1.98989498615265,1.9889230132103,0.804526448249817,-0.593761622905731,0.013577114790678,0.58585113286972,0.797147810459137,0.146061092615128,-0.0975484549999237,-0.109555840492249,0.989182412624359,-0.0017274459823966,0.000217590815736912,-0.0133505612611771
2.00968497991562,2.00895404815674,0.804794907569885,-0.593415975570679,0.0127509720623493,0.585535883903503,0.797260284423828,0.146709501743317,-0.097225621342659,-0.110604912042618,0.989097416400909,0.00377880549058318,-0.00505439983680844,-0.0196763724088669
2.03391599655151,2.03253704309464,0.805134773254395,-0.592959761619568,0.0125175714492798,0.585025310516357,0.797476410865784,0.147569388151169,-0.0974851846694946,-0.11149013787508,0.98897248506546,-0.000299810868455097,-0.00318745453841984,-0.0148879829794168
2.05450195074081,2.05423903465271,0.805296719074249,-0.592743813991547,0.0123253837227821,0.584783732891083,0.79756110906601,0.148068606853485,-0.0975970104336739,-0.112031482160091,0.988900303840637,-0.00226202164776623,0.00323219527490437,-0.00588121265172958
2.07588297128677,2.07559204101562,0.805300176143646,-0.592756271362305,0.0114716812968254,0.584854364395142,0.797437846660614,0.148452907800674,-0.0971443504095078,-0.112839885056019,0.988852918148041,-0.00384814222343266,-0.00457748863846064,-0.00948385335505009
2.09815800189972,2.09784704446793,0.805216908454895,-0.592881560325623,0.0108237154781818,0.585066080093384,0.797309935092926,0.148305580019951,-0.0965574979782104,-0.113085575401783,0.98888236284256,0.0071158311329782,0.00501029985025525,-0.00588388741016388
2.12050700187683,2.12020099163055,0.80526340007782,-0.592838525772095,0.0096609815955162,0.58514940738678,0.797237038612366,0.148368641734123,-0.0956607460975647,-0.113822713494301,0.988884925842285,0.00317599880509079,0.00417309068143368,-0.0117254192009568
2.14210796356201,2.14181399345398,0.805448532104492,-0.592602908611298,0.00862745195627213,0.584984600543976,0.797261416912079,0.148886665701866,-0.0951090082526207,-0.114873610436916,0.988816618919373,0.0139527712017298,0.00788018852472305,-0.018492329865694
2.16448295116425,2.16418600082397,0.805816948413849,-0.592108607292175,0.00814593583345413,0.58450186252594,0.797520041465759,0.149396479129791,-0.0949554964900017,-0.115624904632568,0.988743841648102,0.00741351395845413,0.0051704072393477,-0.005122150760144
2.18707799911499,2.18590104579926,0.806150913238525,-0.591654062271118,0.0081341527402401,0.584019184112549,0.797806859016418,0.14975243806839,-0.0950911194086075,-0.115972556173801,0.988690078258514,0.0123608354479074,0.00163536355830729,0.00671069463714957
2.20722097158432,2.20692300796509,0.806239247322083,-0.591538727283478,0.00775688141584396,0.583951771259308,0.797861874103546,0.149722293019295,-0.0947554633021355,-0.116182342171669,0.988697648048401,0.00234001269564033,-0.00240783207118511,0.00214065355248749
2.23014599084854,2.22984004020691,0.806447207927704,-0.591263830661774,0.00706708431243896,0.583762347698212,0.798004925251007,0.149698466062546,-0.0941508635878563,-0.116598419845104,0.988706409931183,-0.00355303473770618,-0.00276734749786556,-0.00874534342437983
2.25418698787689,2.2537550330162,0.80650520324707,-0.591189384460449,0.00666561722755432,0.583680272102356,0.797955632209778,0.150279968976974,-0.094162791967392,-0.117310993373394,0.98862099647522,0.00803890638053417,0.000774353800807148,-0.0106465695425868
2.2734779715538,2.27320504188538,0.806272566318512,-0.591512680053711,0.00610758736729622,0.584051847457886,0.797656178474426,0.150426045060158,-0.0938506722450256,-0.117717243731022,0.98860239982605,-0.00684712501242757,-0.00260434136725962,-2.9805760277668e-05
2.2994339466095,2.29913401603699,0.806268513202667,-0.591519057750702,0.00601835176348686,0.58404415845871,0.797612965106964,0.150684878230095,-0.0939332991838455,-0.117977485060692,0.988563537597656,0.002752969507128,0.00818304531276226,-0.002891551470384
2.32089698314667,2.32060700654984,0.80614048242569,-0.591695666313171,0.00580980256199837,0.58419668674469,0.797408163547516,0.15117684006691,-0.0940834581851959,-0.118475705385208,0.98848968744278,0.00384141365066171,0.00217476673424244,-0.0085806529968977
2.34059298038483,2.34029102325439,0.806044518947601,-0.591830849647522,0.00533010065555573,0.584381222724915,0.797260642051697,0.151241511106491,-0.0937588810920715,-0.118792586028576,0.988482475280762,-0.00149057572707534,0.00181219691876322,0.00290202465839684
2.36270397901535,2.3623960018158,0.806163668632507,-0.591672837734222,0.00483687222003937,0.584270417690277,0.797315239906311,0.151381805539131,-0.093425028026104,-0.119212463498116,0.988463521003723,0.00801070034503937,0.00570615427568555,-0.0038612992502749
2.38465297222137,2.3843560218811,0.806176424026489,-0.5916588306427,0.00439553335309029,0.584307789802551,0.79728490114212,0.151397347450256,-0.093080073595047,-0.119484633207321,0.988463222980499,0.00879006646573544,0.00617944542318583,-0.00964469742029905
2.40652698278427,2.40623503923416,0.806396663188934,-0.591362833976746,0.00380069762468338,0.584092378616333,0.797455132007599,0.151332080364227,-0.0925230532884598,-0.119813717901707,0.988475680351257,-0.000166587778949179,0.00405424507334828,-0.00458157807588577
2.42844599485397,2.4279699921608,0.806693553924561,-0.590958416461945,0.00369086861610413,0.583694875240326,0.797724306583405,0.151446938514709,-0.0924431383609772,-0.120016932487488,0.988458514213562,0.0122205326333642,0.00319254165515304,-0.00626196153461933
2.45063698291779,2.45020204782486,0.806674122810364,-0.590986311435699,0.00347162038087845,0.583784401416779,0.797731220722198,0.151064783334732,-0.0920466408133507,-0.119833372533321,0.988517761230469,0.000923401617910713,-0.00341519992798567,-0.00403594272211194
2.47133594751358,2.47106504440308,0.806640863418579,-0.591031014919281,0.0035887323319912,0.583860337734222,0.797768652439117,0.150573134422302,-0.091856375336647,-0.119363121688366,0.988592386245728,-0.00364393112249672,-0.00682127056643367,0.00278303143568337
2.49434798955917,2.49399602413177,0.806490898132324,-0.591234803199768,0.00371567532420158,0.584053993225098,0.797641575336456,0.150495365262032,-0.0919418781995773,-0.119202986359596,0.988603711128235,0.00672166235744953,-0.00531212706118822,-0.0108164353296161
2.51515996456146,2.51477801799774,0.80624121427536,-0.59157806634903,0.0032319463789463,0.584493577480316,0.79740571975708,0.150037884712219,-0.0913363099098206,-0.119077675044537,0.988674938678741,-0.00836472865194082,-0.00752436649054289,-0.0124694453552365
2.53830796480179,2.53801602125168,0.806157112121582,-0.591694891452789,0.00279758870601654,0.584681451320648,0.797309875488281,0.14981497824192,-0.0908753126859665,-0.119138702750206,0.988710105419159,0.0055289096198976,-0.00226937490515411,-0.0212081205099821
2.5603289604187,2.56005299091339,0.805869460105896,-0.59208869934082,0.00231145694851875,0.585152983665466,0.797013401985168,0.149551540613174,-0.0903900414705276,-0.11916646361351,0.988751232624054,0.00417303200811148,-0.000549166055861861,-0.0186035074293613
2.58282798528671,2.58242303133011,0.805602729320526,-0.592451930046082,0.00220939889550209,0.585584044456482,0.796819150447845,0.148897737264633,-0.0899752527475357,-0.118658632040024,0.988850116729736,-0.00705268885940313,-0.00369014963507652,-0.00439022621139884
2.60465896129608,2.60410898923874,0.805759727954865,-0.592239439487457,0.0019066296517849,0.585428059101105,0.796971321105957,0.148696899414062,-0.0895837098360062,-0.118697769939899,0.98888099193573,0.0133049488067627,0.00775146298110485,-0.0205489490181208
2.62688595056534,2.62659400701523,0.805885672569275,-0.592069685459137,0.00131883844733238,0.585351288318634,0.797071754932404,0.148460328578949,-0.0889500826597214,-0.118870072066784,0.988917469978333,0.00792589411139488,0.00107569131068885,-0.0208939183503389
2.64848697185516,2.64818304777145,0.806076407432556,-0.59181022644043,0.00117887556552887,0.585144519805908,0.797292292118073,0.148090615868568,-0.0885814651846886,-0.118682540953159,0.988973081111908,-0.00533663015812635,0.000675466493703425,-0.00843291450291872
2.67090499401093,2.67033702135086,0.80621999502182,-0.591614961624146,0.000996876507997513,0.584952712059021,0.797391057014465,0.148316472768784,-0.0885411500930786,-0.11899258941412,0.988939464092255,0.00395708112046123,-0.00517167942598462,-0.0164163894951344
2.69246298074722,2.69218403100967,0.806080996990204,-0.591804265975952,0.00102709606289864,0.585174202919006,0.797307014465332,0.147894009947777,-0.0883432179689407,-0.11861352622509,0.989002704620361,-0.00893688853830099,-0.00580778159201145,-0.00800659414380789
2.7137279510498,2.71344202756882,0.80603688955307,-0.591864585876465,0.000912431627511978,0.585252642631531,0.797260284423828,0.147835582494736,-0.0882260948419571,-0.118626922369003,0.989011526107788,-0.00786137115210295,-0.00681224185973406,-0.0128805600106716
2.73682898283005,2.73644798994064,0.805875837802887,-0.592083990573883,0.000789418816566467,0.585509359836578,0.797123908996582,0.147554516792297,-0.0879939422011375,-0.118448406457901,0.989053606987,-0.0056192702613771,-0.0066660582087934,-0.0061093564145267
2.75872099399567,2.75836902856827,0.805602669715881,-0.592456102371216,0.000334490090608597,0.586005568504333,0.796914219856262,0.14671479165554,-0.0871886312961578,-0.11799781024456,0.989178776741028,-0.0122234914451838,-0.00814666785299778,-0.00323760136961937
2.78153997659683,2.78105801343918,0.805381000041962,-0.592757225036621,-0.000526688992977142,0.586471199989319,0.79671049118042,0.145958289504051,-0.0860982239246368,-0.117860920727253,0.989290595054626,-0.00899531785398722,-0.0118023212999105,-0.00837480276823044
2.80416494607925,2.8036789894104,0.804983556270599,-0.593296110630035,-0.00107282027602196,0.58714884519577,0.796380698680878,0.145031064748764,-0.0851919949054718,-0.117377519607544,0.989426493644714,-0.0139207234606147,-0.0154303601011634,0.00727930292487144
2.82576298713684,2.82525300979614,0.804410040378571,-0.594074130058289,-0.000594768673181534,0.587883114814758,0.795882046222687,0.144793644547462,-0.0855448096990585,-0.116823114454746,0.989461719989777,-0.0248867608606815,-0.0155457090586424,0.0092523442581296
2.84704899787903,2.84656304121017,0.803856432437897,-0.594823360443115,3.50587069988251e-05,0.588614821434021,0.795474588871002,0.144058272242546,-0.085717111825943,-0.115781530737877,0.989569187164307,-0.0261642839759588,-0.0188903361558914,-0.0021300136577338
2.87074995040894,2.87002503871918,0.803736805915833,-0.594984948635101,-0.000220369547605515,0.588865697383881,0.795417606830597,0.143345788121223,-0.0851133018732071,-0.115342058241367,0.989672660827637,-0.0203161928802729,-0.0084028672426939,-0.0276613440364599
2.89110696315765,2.89034003019333,0.803743600845337,-0.594975411891937,-0.000678751617670059,0.588894784450531,0.795365631580353,0.14351449906826,-0.0848477482795715,-0.115748569369316,0.9896479845047,-0.0260693766176701,-0.0140782743692398,-0.0326603688299656
2.91370296478271,2.91293603181839,0.803936541080475,-0.594714760780334,-0.000568602234125137,0.588541865348816,0.79545384645462,0.14447046816349,-0.0854664444923401,-0.116479732096195,0.989508926868439,-0.0193063914775848,-0.0115964179858565,-3.87821528420318e-05
2.93644499778748,2.93567800521851,0.804241895675659,-0.59430205821991,-5.35435974597931e-05,0.588047862052917,0.795765340328217,0.144765943288803,-0.0859920978546143,-0.11645832657814,0.989465951919556,-0.0131913628429174,-0.0149783166125417,0.0205480791628361
2.95826297998428,2.95753502845764,0.8046914935112,-0.593691945075989,0.00119743496179581,0.587373614311218,0.796417832374573,0.143912926316261,-0.0863936096429825,-0.115102156996727,0.989589631557465,-0.0109485620632768,-0.00450931722298265,0.017497954890132
2.98288697004318,2.97950899600983,0.80516916513443,-0.593040585517883,0.00233278796076775,0.586656093597412,0.797064483165741,0.143257766962051,-0.0868170559406281,-0.113978199660778,0.989682674407959,-0.0203875489532948,-0.00505765480920672,-0.0115685611963272
3.0029119849205,3.00218099355698,0.805934369564056,-0.591996014118195,0.00323383882641792,0.585499823093414,0.797874271869659,0.14348030090332,-0.0875199735164642,-0.113742291927338,0.98964786529541,-0.011704514734447,-0.00466729421168566,-0.0338964201509953
3.02161997556686,3.02136600017548,0.806606352329254,-0.591077148914337,0.00373609736561775,0.584512412548065,0.798556268215179,0.143711656332016,-0.0879281610250473,-0.113734938204288,0.989612579345703,-0.00613634055480361,-0.00886098854243755,-0.0230980198830366
3.04466897249222,3.04443401098251,0.807147800922394,-0.590337574481964,0.0037396103143692,0.583801448345184,0.79912006855011,0.143467679619789,-0.0876827612519264,-0.113616421818733,0.989647924900055,-0.00742981862276793,-0.00300143659114838,0.00185496802441776
3.06670099496841,3.06643104553223,0.807355642318726,-0.590053379535675,0.00372852385044098,0.583538949489594,0.799347460269928,0.143268689513206,-0.0875165611505508,-0.113493040204048,0.989676833152771,-0.00802074186503887,-0.00445165112614632,0.00415739696472883
3.08981597423553,3.08950799703598,0.807356417179108,-0.590052902698517,0.0036323219537735,0.583559691905975,0.799353182315826,0.143152117729187,-0.0873708352446556,-0.113455094397068,0.989694058895111,-0.0100700678303838,-0.00353062758222222,0.00158062914852053
3.1117359995842,3.111437022686,0.807420134544373,-0.589969396591187,0.00295738875865936,0.58359956741333,0.799417495727539,0.142629250884056,-0.0865110903978348,-0.113435789942741,0.989771783351898,0.00774865178391337,0.00826035253703594,0.0223492812365294
3.13330799341202,3.13300001621246,0.807604134082794,-0.5897216796875,0.0019594207406044,0.583549380302429,0.799622178077698,0.141684278845787,-0.0851210877299309,-0.113281391561031,0.989909946918488,0.0206972155719995,0.00733063230291009,0.0354727022349834
3.15500795841217,3.15470802783966,0.807896554470062,-0.589321076869965,0.00195936113595963,0.583262264728546,0.800057411193848,0.14040370285511,-0.0843104720115662,-0.112288847565651,0.990092396736145,0.0286164656281471,0.00850673578679562,0.0345259942114353
3.17696398496628,3.17667102813721,0.808460772037506,-0.588548362255096,0.00141077116131783,0.582708060741425,0.80077052116394,0.138628616929054,-0.0827193558216095,-0.111253723502159,0.990343451499939,0.034781739115715,0.00595344416797161,0.0189994387328625
3.19976896047592,3.19894903898239,0.809101462364197,-0.587668597698212,0.000565748661756516,0.582104980945587,0.801572859287262,0.13650918006897,-0.0806756615638733,-0.110120445489883,0.990638673305511,0.0264446549117565,-0.00182700494769961,-0.00415810849517584
3.22152096033096,3.22122299671173,0.809776902198792,-0.586736381053925,-0.00132862105965614,0.581557810306549,0.802325367927551,0.134404510259628,-0.0777940452098846,-0.109610341489315,0.990925669670105,0.0125873927026987,-0.021906515583396,0.000752317602746189
3.2434149980545,3.24313604831696,0.810333371162415,-0.585960924625397,-0.00309399142861366,0.581123411655426,0.802943408489227,0.132579788565636,-0.0752022862434387,-0.109231814742088,0.991167485713959,0.0139195565134287,-0.0368690565228462,0.0101036624982953
3.26550394296646,3.26500099897385,0.810843884944916,-0.585251331329346,-0.00360484048724174,0.580665469169617,0.803689301013947,0.130042433738708,-0.0732103437185287,-0.107537314295769,0.991501867771149,0.0174065139144659,-0.0434194803237915,0.0245524123311043
3.28679996728897,3.28646904230118,0.811208248138428,-0.584746062755585,-0.00363245978951454,0.580317318439484,0.804269194602966,0.127995491027832,-0.0719233900308609,-0.105938978493214,0.99176812171936,0.021437730640173,-0.0467023774981499,0.0233690477907658
3.309838950634,3.30954903364182,0.811776697635651,-0.583948850631714,-0.00472089648246765,0.57971715927124,0.804867684841156,0.126948654651642,-0.070331834256649,-0.105790749192238,0.991898059844971,0.00750139402225614,-0.0411574169993401,-0.00038099879748188
3.33158594369888,3.33111101388931,0.813008844852448,-0.582206964492798,-0.00718513317406178,0.578333616256714,0.806047916412354,0.125765681266785,-0.0674301087856293,-0.106404021382332,0.992033958435059,0.0249803941696882,-0.0343142673373222,-0.0352487601339817
3.35311698913574,3.35283201932907,0.81464409828186,-0.579860150814056,-0.0108232367783785,0.576445281505585,0.807512700557709,0.125036045908928,-0.0637635290622711,-0.108098886907101,0.992093145847321,0.0259504448622465,-0.043955035507679,0.00883205328136683
3.3750809431076,3.37479400634766,0.816244900226593,-0.577568650245667,-0.0125973932445049,0.574542641639709,0.809303402900696,0.122183203697205,-0.0603740774095058,-0.10696916282177,0.992427587509155,0.0366732329130173,-0.0670257806777954,0.0673330128192902
3.39702296257019,3.39673900604248,0.81726461648941,-0.576106786727905,-0.0133985467255116,0.573315620422363,0.810517072677612,0.119880311191082,-0.058204110711813,-0.105655528604984,0.992697954177856,0.0284105334430933,-0.097496397793293,0.0734779611229897
3.41907399892807,3.41856300830841,0.817513167858124,-0.575756072998047,-0.0133096817880869,0.573099255561829,0.811025738716125,0.117449939250946,-0.0568280294537544,-0.103644639253616,0.992989599704742,0.000728406419511884,-0.121548473834991,-0.00554554723203182
3.44209498167038,3.44182103872299,0.817651748657227,-0.575513601303101,-0.0151562243700027,0.573273539543152,0.811483800411224,0.113364323973656,-0.0529436841607094,-0.101381197571754,0.993437886238098,0.0170703399926424,-0.116265192627907,-0.06086815148592
