timestamp,ts,m11,m12,m13,m21,m22,m23,m31,m32,m33,ax,ay,az
0.268207013607025,0.267765998840332,0.996799767017365,0.0113754980266094,-0.0791257247328758,0.0118011850863695,0.958037614822388,0.286399573087692,0.0790633633732796,-0.286416798830032,0.954837381839752,-0.0506223067641258,0.0504223816096783,-0.101086087524891
0.289847016334534,0.289608001708984,0.996610879898071,0.0138610964640975,-0.0810843631625175,0.00866578239947557,0.962525725364685,0.271051913499832,0.0818028673529625,-0.270835965871811,0.959143459796906,-0.329772114753723,0.125574633479118,-0.0183650869876146
0.312178015708923,0.311951994895935,0.996666491031647,0.0185984149575233,-0.0794353857636452,0.00219746865332127,0.967195570468903,0.254023402929306,0.0815539881587029,-0.253351181745529,0.963930547237396,-0.288663893938065,0.0955914109945297,0.0536522381007671
0.334170043468475,0.333930015563965,0.996472835540771,0.0211532600224018,-0.0812060832977295,-0.00109003204852343,0.970888435840607,0.239529699087143,0.083908885717392,-0.238596320152283,0.967486977577209,-0.145964384078979,0.0144930882379413,0.056476254016161
0.356288015842438,0.356052994728088,0.995779395103455,0.0216264426708221,-0.0891947895288467,-0.000552426092326641,0.973236203193665,0.229806497693062,0.0917774885892868,-0.228787288069725,0.969140470027924,-0.156653895974159,0.0461211837828159,0.0357450917363167
0.377762019634247,0.377535045146942,0.994798302650452,0.0208216030150652,-0.0997135043144226,0.00199696607887745,0.974711835384369,0.223456621170044,0.101844653487206,-0.222493380308151,0.969600081443787,-0.231671512126923,0.0773994848132133,-0.0185743365436792
0.399648010730743,0.399403035640717,0.993324041366577,0.0195891540497541,-0.113682277500629,0.00573028577491641,0.975880861282349,0.218228489160538,0.11521527916193,-0.217423021793365,0.969253659248352,-0.230824008584023,0.0614901967346668,-0.0523070022463799
0.421047031879425,0.420819997787476,0.991665422916412,0.0197130627930164,-0.127322837710381,0.00806754268705845,0.976785480976105,0.214067950844765,0.128587022423744,-0.213310971856117,0.968485295772552,-0.221011802554131,0.0298485942184925,-0.0725303068757057
0.443285048007965,0.443058013916016,0.99032998085022,0.0210511833429337,-0.137125328183174,0.00846134591847658,0.977415084838867,0.211159154772758,0.138473525643349,-0.210277512669563,0.967785358428955,-0.225656822323799,0.0632099360227585,-0.0381198152899742
0.465794026851654,0.465566992759705,0.989030718803406,0.0225222054868937,-0.145983010530472,0.00865529850125313,0.977772533893585,0.209489792585373,0.147456347942352,-0.208455353975296,0.966852128505707,-0.183733239769936,0.0507831312716007,-0.0566159151494503
0.488229990005493,0.48799604177475,0.987366080284119,0.0239303782582283,-0.156638294458389,0.00913365930318832,0.978291511535645,0.207032084465027,0.158192276954651,-0.205847144126892,0.965713262557983,-0.166922718286514,0.0515297576785088,-0.0539858043193817
0.509990990161896,0.509726047515869,0.985710859298706,0.025280985981226,-0.16653835773468,0.0094480337575078,0.978819131851196,0.204508692026138,0.168181121349335,-0.203159898519516,0.964593768119812,-0.192798733711243,0.0605725422501564,-0.0405179113149643
0.532746016979218,0.53252100944519,0.984466373920441,0.0269422698765993,-0.173493683338165,0.00913635082542896,0.978955864906311,0.203867480158806,0.175335317850113,-0.202285781502724,0.963503003120422,-0.206467926502228,0.0661111325025558,-0.0183238033205271
0.554414033889771,0.554186999797821,0.983793437480927,0.0289771892130375,-0.176948636770248,0.00822317227721214,0.978525280952454,0.205962687730789,0.179116934537888,-0.204079806804657,0.962428450584412,-0.187904447317123,0.0750270113348961,-0.024906737729907
0.576279997825623,0.576056003570557,0.983284950256348,0.0299565084278584,-0.179591998457909,0.00804940331727266,0.978255450725555,0.207247391343117,0.181895270943642,-0.205228850245476,0.961662769317627,-0.151103839278221,0.0921503454446793,-0.0439372323453426
0.597909033298492,0.597685039043427,0.98263692855835,0.0313961654901505,-0.182863041758537,0.0070902993902564,0.978504776954651,0.206102266907692,0.185403183102608,-0.203820243477821,0.961292326450348,-0.1599290817976,0.0941180139780045,-0.0503806322813034
0.620516002178192,0.620287001132965,0.982100188732147,0.0334624722599983,-0.185362979769707,0.00542098190635443,0.978664338588715,0.20539416372776,0.188281133770943,-0.202722504734993,0.960965037345886,-0.16499251127243,0.0833391174674034,-0.0313597954809666
0.641821026802063,0.641595005989075,0.981985867023468,0.0350038968026638,-0.185683965682983,0.00430911779403687,0.978287220001221,0.207208842039108,0.188905358314514,-0.204276293516159,0.960513412952423,-0.154586538672447,0.0896246209740639,-0.0312010925263166
0.662205040454865,0.661985993385315,0.982163608074188,0.0356479659676552,-0.184618294239044,0.00409902818500996,0.977571070194244,0.210565969347954,0.187983751296997,-0.207566991448402,0.959988594055176,-0.15687783062458,0.0932106301188469,-0.0434294007718563
0.685976028442383,0.685754001140594,0.985794842243195,0.0339149534702301,-0.164494141936302,0.000352064147591591,0.978980541229248,0.20395340025425,0.167953625321388,-0.201114133000374,0.965062022209167,-0.137638658285141,0.0771223530173302,-0.0365554168820381
0.707983016967773,0.707756996154785,0.988642871379852,0.0323464944958687,-0.14676159620285,-0.0023490022867918,0.979768812656403,0.200118824839592,0.150265574455261,-0.197501316666603,0.968717455863953,-0.130694091320038,0.0668790861964226,-0.0257741343230009
0.730289041996002,0.730032026767731,-0.99232417345047,-0.0258758347481489,-0.120926588773727,0.00203897058963776,-0.981154263019562,0.193215310573578,-0.1236472427845,0.191485643386841,0.973675847053528,-0.108948439359665,0.0542229898273945,-0.0162991527467966
0.751217007637024,0.750995993614197,-0.994224011898041,-0.0248998682945967,-0.104395471513271,0.00487002916634083,-0.98217910528183,0.187883928418159,-0.107213340699673,0.186290308833122,0.976627469062805,-0.0942941531538963,0.0430322401225567,-0.0266684293746948
0.77510803937912,0.774883031845093,-0.995093524456024,-0.0253178179264069,-0.0956444665789604,0.00761761143803596,-0.983440697193146,0.181069910526276,-0.0986449643969536,0.179452925920486,0.978808343410492,-0.0792412757873535,0.0416045859456062,-0.0244722720235586
0.796546995639801,0.796324014663696,-0.996265947818756,-0.0263913758099079,-0.0822046026587486,0.0117558995261788,-0.984733700752258,0.173669993877411,-0.0855330303311348,0.172055125236511,0.981366991996765,-0.0755517706274986,0.0296117775142193,0.00929055456072092
0.818145036697388,0.817921996116638,-0.996965944766998,-0.0276683643460274,-0.0727549120783806,0.0148465828970075,-0.985125303268433,0.171194866299629,-0.0764093920588493,0.169595286250114,0.982547223567963,-0.0646525025367737,0.0261448062956333,0.01295798830688
0.839668035507202,0.839449048042297,-0.997420012950897,-0.0286377370357513,-0.0658264458179474,0.0171236768364906,-0.985425055027008,0.169245764613152,-0.0697138458490372,0.16768191754818,0.983373165130615,-0.0434723198413849,0.0267744529992342,-0.00908900983631611
0.86071503162384,0.860495030879974,-0.997693300247192,-0.0294561441987753,-0.0611596219241619,0.0188281517475843,-0.985677540302277,0.16758668422699,-0.0652201250195503,0.166048586368561,0.983958423137665,-0.0322136953473091,0.030349139124155,-0.0100906370207667
0.884617030620575,0.884397029876709,-0.997968971729279,-0.0301429405808449,-0.0561183653771877,0.020506426692009,-0.986082911491394,0.164984509348869,-0.0603104792535305,0.163498625159264,0.984698355197906,-0.0333827659487724,0.0286167077720165,-0.00901502836495638
0.906379997730255,0.906046032905579,-0.998043119907379,-0.0311463922262192,-0.0542193837463856,0.0219119638204575,-0.986339747905731,0.163259670138359,-0.0585636831820011,0.1617521494627,0.985092163085938,-0.0285693593323231,0.0278531704097986,-0.00566102610900998
0.928283035755157,0.92805004119873,-0.998104274272919,-0.0319066904485226,-0.0526288934051991,0.0229818187654018,-0.986487448215485,0.162216916680336,-0.0570935495197773,0.160699889063835,0.985350608825684,-0.0224012322723866,0.0233161579817533,-0.00412080204114318
0.949892997741699,0.949665009975433,-0.998201012611389,-0.0322377197444439,-0.0505516156554222,0.023658599704504,-0.986514925956726,0.161952346563339,-0.0550908967852592,0.160465002059937,0.985502898693085,-0.0276634283363819,0.0254624672234058,-0.00155764236114919
0.972738027572632,0.972516000270844,-0.998331129550934,-0.0325705967843533,-0.0476879552006721,0.0244029089808464,-0.986355841159821,0.162808671593666,-0.052340067923069,0.161373242735863,0.985504567623138,-0.0256542637944221,0.0177586264908314,-0.0035243930760771
0.995672047138214,0.995005011558533,-0.998490393161774,-0.0328660756349564,-0.0440088622272015,0.0252900961786509,-0.986333608627319,0.162808060646057,-0.0487582795321941,0.161449283361435,0.985675811767578,-0.0242639873176813,0.0120817422866821,-0.00188830099068582
1.01776999235153,1.0171070098877,-0.998529076576233,-0.0333456136286259,-0.042750459164381,0.0260162986814976,-0.986481368541718,0.161794692277908,-0.0475676767528057,0.160444498062134,0.985898017883301,-0.0188399367034435,0.012578995898366,-0.00778485741466284
1.03973603248596,1.03874504566193,-0.998551726341248,-0.0336256735026836,-0.0419954136013985,0.0264534335583448,-0.9866042137146,0.160972625017166,-0.0468456670641899,0.159628570079803,0.986065030097961,-0.0254091080278158,0.00873568281531334,0.00361261540092528
1.06176900863647,1.06109899282455,-0.998582780361176,-0.0336801446974277,-0.0412045083940029,0.0266236364841461,-0.986564218997955,0.161189198493958,-0.0460797734558582,0.159863770008087,0.986063003540039,-0.0263119302690029,0.00826562196016312,0.0100650694221258
1.08336901664734,1.08263903856277,-0.99865186214447,-0.0337492115795612,-0.039435189217329,0.0269661918282509,-0.986521899700165,0.161391288042068,-0.0443505086004734,0.160110324621201,0.986102283000946,-0.0262668542563915,0.0042868023738265,-0.00379639724269509
1.10571104288101,1.10500603914261,-0.99874222278595,-0.0339672230184078,-0.0368788540363312,0.0275953188538551,-0.986518859863281,0.161303743720055,-0.0418607294559479,0.160083189606667,0.986215531826019,-0.0206129867583513,0.0107300151139498,0.00269501167349517
1.12874799966812,1.12727802991867,-0.998784959316254,-0.034111712127924,-0.0355644784867764,0.0279530547559261,-0.986525774002075,0.161199882626534,-0.0405840836465359,0.160009905695915,0.986280798912048,-0.0153160663321614,0.011114445514977,0.00544581096619368
1.14972704648972,1.14896500110626,-0.998805224895477,-0.0345092341303825,-0.0345993749797344,0.0285298302769661,-0.986628711223602,0.160466998815536,-0.0396743305027485,0.159288167953491,0.986434578895569,-0.0140610430389643,0.0150049654766917,-0.00166354246903211
1.17100501060486,1.17049902677536,-0.998833298683167,-0.0351665206253529,-0.0330943129956722,0.0294343028217554,-0.986665546894073,0.160076856613159,-0.0382823683321476,0.158915996551514,0.986549615859985,-0.0129221929237247,0.00774836586788297,-0.00441717030480504
1.19290101528168,1.1924090385437,-0.99887216091156,-0.0354429148137569,-0.0315950103104115,0.0299842450767756,-0.98681515455246,0.15904974937439,-0.0368156246840954,0.157923012971878,0.986764907836914,-0.00681473780423403,0.0141980620101094,-9.73004716797732e-05
1.21447402238846,1.21421504020691,-0.998886525630951,-0.0356285274028778,-0.0309223346412182,0.0303530171513557,-0.987149238586426,0.15689155459404,-0.0361147783696651,0.155778288841248,0.987131595611572,-0.00847665593028069,0.0104529680684209,-0.00267550395801663
1.23664599657059,1.23636502027512,-0.99890011548996,-0.0358218662440777,-0.0302543342113495,0.0307203717529774,-0.987455010414124,0.154883518815041,-0.0354230105876923,0.15378375351429,0.987469375133514,-0.0225333850830793,0.000662946724332869,0.00431507872417569
1.25918501615524,1.25890600681305,-0.998918652534485,-0.035665187984705,-0.029823686927557,0.0306807719171047,-0.987672209739685,0.153499573469162,-0.0349306203424931,0.152418583631516,0.987698554992676,-0.0208515208214521,0.00345991016365588,0.0140657369047403
1.28052300214767,1.28026604652405,-0.998973309993744,-0.0353666469454765,-0.0283103752881289,0.0306810215115547,-0.987967193126678,0.151589781045914,-0.0333309434354305,0.150565564632416,0.988038003444672,-0.0159202385693789,0.00212994869798422,0.00558559177443385
1.30261504650116,1.30234003067017,-0.999016165733337,-0.0354483351111412,-0.0266451593488455,0.0310721676796675,-0.988237380981445,0.149737298488617,-0.0316396802663803,0.148762077093124,0.988366723060608,-0.0164522882550955,-0.000393927184632048,0.00779116014018655
1.3252249956131,1.32494801282883,-0.999010622501373,-0.0357344262301922,-0.0264713820070028,0.0314306356012821,-0.988460719585419,0.148180440068245,-0.0314610674977303,0.147201821208,0.988605976104736,-0.0171177443116903,-0.00221018749289215,-0.00272700772620738
1.34989899396896,1.34960401058197,-0.999019205570221,-0.0356817916035652,-0.0262209270149469,0.0314874276518822,-0.988798558712006,0.145897284150124,-0.0311330910772085,0.144928559660912,0.988952219486237,-0.0136629436165094,0.00409735273569822,-0.000977003131993115
1.3677020072937,1.36733204126358,-0.999053835868835,-0.0349770374596119,-0.0258428696542978,0.030958604067564,-0.989351272583008,0.142215892672539,-0.0305419694632292,0.141281291842461,0.989498257637024,-0.0182287339121103,-0.00214751157909632,0.000530353980138898
1.39098501205444,1.39070302248001,-0.999072313308716,-0.0341971255838871,-0.0261721592396498,0.0302824880927801,-0.99002343416214,0.137610241770744,-0.0306169260293245,0.136690035462379,0.990140616893768,-0.0188479404896498,-0.00779076153412461,0.00115746178198606
1.41417700052261,1.4139010310173,-0.999074995517731,-0.0341679416596889,-0.0261056646704674,0.0303837563842535,-0.990559041500092,0.133676424622536,-0.0304266549646854,0.132759585976601,0.990681111812592,-0.02486970461905,-0.0119381975382566,0.0156902875751257
1.4350820183754,1.43480199575424,-0.999061763286591,-0.0346135012805462,-0.0260276775807142,0.0309126842767,-0.990877687931061,0.131170630455017,-0.0303305219858885,0.130242973566055,0.991018056869507,-0.0127525329589844,-0.0101105030626059,0.00723816873505712
1.45715302228928,1.45687901973724,-0.999226450920105,-0.0300576202571392,-0.0253524221479893,0.0262864232063293,-0.990107595920563,0.137824729084969,-0.029244314879179,0.137051716446877,0.990132093429565,-0.00223535788245499,0.00543948216363788,-0.00315402238629758
1.47789204120636,1.477559030056,-0.99929678440094,-0.02545515447855,-0.0275283381342888,0.0211582183837891,-0.988991379737854,0.146452337503433,-0.0309532582759857,0.145766913890839,0.988834619522095,0.00910801347345114,0.0180191062390804,-0.0125386724248528
1.50123500823975,1.50098699331284,-0.999387919902802,-0.0224037077277899,-0.0268647279590368,0.0181798432022333,-0.988777875900269,0.148282647132874,-0.0298853311687708,0.147703498601913,0.988580048084259,-0.0202271547168493,0.0120674334466457,-0.0415713042020798
1.52281504869461,1.52255201339722,-0.999442279338837,-0.0200482346117496,-0.0267014559358358,0.0160269141197205,-0.989576637744904,0.143111690878868,-0.0292922761291265,0.142603948712349,0.989346265792847,-0.0307450350373983,0.00598096009343863,-0.0109894070774317
1.5448300242424,1.54457801580429,-0.999403953552246,-0.0189542602747679,-0.0288505386561155,0.0148274432867765,-0.990449905395508,0.137073338031769,-0.031173137947917,0.136563867330551,0.990140676498413,0.00523759517818689,-5.7399105571676e-05,0.023664228618145
1.56635600328445,1.56607902050018,-0.999394416809082,-0.0190146174281836,-0.0291408654302359,0.0149260591715574,-0.990787267684937,0.134602099657059,-0.0314318053424358,0.13408562541008,0.990471124649048,-0.0179866906255484,-0.00405452307313681,0.00768305733799934
1.58918702602386,1.58893704414368,-0.999395847320557,-0.0191669557243586,-0.0289936661720276,0.015041159465909,-0.99054479598999,0.136362746357918,-0.0313331820070744,0.135844245553017,0.990234613418579,-0.0104694943875074,-0.00963336322456598,-0.0149076068773866
1.61087900400162,1.61062204837799,-0.999338090419769,-0.0194329619407654,-0.0307509116828442,0.0149886347353458,-0.990224838256836,0.138671964406967,-0.0331451259553432,0.138119280338287,0.989860832691193,0.0181535091251135,0.00759897660464048,-0.0248181242495775
1.63290399312973,1.6326180100441,-0.999321818351746,-0.0192683842033148,-0.0313798189163208,0.0146558787673712,-0.989887356758118,0.141096726059914,-0.0337811931967735,0.14054112136364,0.989498376846313,0.00341022084467113,0.01154959294945,-0.0256688669323921
1.65584200620651,1.65546399354935,-0.999350130558014,-0.0186798311769962,-0.0308268424123526,0.0140236914157867,-0.98934930562973,0.144883438944817,-0.0332049131393433,0.144356980919838,0.988968372344971,0.0028798202984035,0.000703146390151232,-0.0212855078279972
1.67616099119186,1.67590701580048,-0.999418199062347,-0.0170838497579098,-0.0295168124139309,0.012469750829041,-0.988611042499542,0.149975076317787,-0.031742800027132,0.149519756436348,0.988249063491821,0.00296915043145418,0.00944163184612989,-0.0101640112698078
1.6993870139122,1.69913899898529,-0.999483048915863,-0.0150702297687531,-0.0283961445093155,0.0105233676731586,-0.988021433353424,0.153956890106201,-0.0303761661052704,0.153578490018845,0.987669467926025,-0.0107722422108054,0.00739622162654996,-0.0258498415350914
1.72104704380035,1.7207790017128,-0.999517917633057,-0.0134321227669716,-0.0279905591160059,0.00886532105505466,-0.987508893013,0.157313495874405,-0.0297539811581373,0.156989514827728,0.987151980400085,-0.0128233227878809,0.00274196499958634,-0.0171662773936987
1.74365103244781,1.74330002069473,-0.999554753303528,-0.011721832677722,-0.0274368170648813,0.0071874768473208,-0.98711097240448,0.159875422716141,-0.0289572160691023,0.15960705280304,0.986755847930908,-0.0115981930866838,0.0089965183287859,0.00056503462838009
1.76447904109955,1.76421004533768,-0.999588131904602,-0.0108321271836758,-0.0265756230801344,0.00642759678885341,-0.987008392810822,0.160540029406548,-0.0279693547636271,0.160303100943565,0.986671507358551,-0.0143380742520094,0.00993578787893057,0.00101475324481726
1.78755402565002,1.78722804784775,-0.999603986740112,-0.0105603300035,-0.0260783769190311,0.00624734163284302,-0.987058222293854,0.160239785909653,-0.0274330638349056,0.160013437271118,0.986733555793762,-0.00943103898316622,0.00127372343558818,0.00182450714055449
1.80915802717209,1.80883502960205,-0.999617218971252,-0.0101843923330307,-0.0257182400673628,0.00593862496316433,-0.987088739871979,0.160063326358795,-0.0270163360983133,0.159849345684052,0.986771643161774,-0.00333359651267529,0.00509506836533546,0.00596721284091473
1.83122199773788,1.83087104558945,-0.99965888261795,-0.00897185318171978,-0.0245244521647692,0.00493509788066149,-0.987111866474152,0.159954980015755,-0.0256434734910727,0.159779414534569,0.986819624900818,-0.00416922755539417,0.000607462541665882,0.000125277569168247
1.85414099693298,1.85317903757095,-0.999721169471741,-0.00750824715942144,-0.0223849043250084,0.00383446901105344,-0.987133681774139,0.159850776195526,-0.023297093808651,0.15972039103508,0.986887335777283,-0.0116884922608733,-0.00219756783917546,0.000116722403618041
1.87681704759598,1.87583899497986,-0.99977570772171,-0.00663566077128053,-0.0201086811721325,0.00333380652591586,-0.98711371421814,0.159985303878784,-0.0209111645817757,0.159882396459579,0.986914575099945,-0.00768802734091878,-0.0104553773999214,-0.000237541447859257
1.89764302968979,1.89719104766846,-0.999829709529877,-0.00619975104928017,-0.0173729471862316,0.00333698466420174,-0.987078130245209,0.160204395651817,-0.0181416869163513,0.160119161009789,0.986930966377258,0.00328745297156274,-0.00248481868766248,-0.00859820749610662
1.91983902454376,1.91938704252243,-0.999862015247345,-0.00596825871616602,-0.0154962316155434,0.00339984428137541,-0.986987113952637,0.160762935876846,-0.0162540562450886,0.160688072443008,0.986871361732483,0.0128545993939042,0.00327697535976768,-0.0154784619808197
1.942538022995,1.94163304567337,-0.999892175197601,-0.00599520094692707,-0.0134060392156243,0.00374957174062729,-0.986840426921844,0.161653935909271,-0.014198767952621,0.161586225032806,0.986756443977356,0.0140750398859382,0.0016960387583822,-0.0167378149926662
1.96438103914261,1.96369802951813,-0.999931395053864,-0.00579340662807226,-0.0101732546463609,0.00406643655151129,-0.986743867397308,0.162234231829643,-0.0109782861545682,0.162181749939919,0.986699819564819,0.00650460179895163,-0.00086695293430239,-0.0149633781984448
1.98640501499176,1.98568403720856,-0.999937653541565,-0.00580206047743559,-0.00953132007271051,0.00418039318174124,-0.986763596534729,0.162110790610313,-0.0103457374498248,0.162060841917992,0.986726522445679,0.00928276591002941,0.0023817871697247,-0.00944351404905319
2.01017498970032,2.00816303491592,-0.999927401542664,-0.00633805757388473,-0.0102476635947824,0.00460024969652295,-0.986863791942596,0.161488890647888,-0.0111365737393498,0.161430031061172,0.986821293830872,0.00334791745990515,-0.00823462475091219,-0.0126141011714935
2.03032904863358,2.02961003780365,-0.99993908405304,-0.00629745051264763,-0.00905652809888124,0.00475967396050692,-0.986979424953461,0.160775750875473,-0.00995108392089605,0.160722851753235,0.986949384212494,-0.00244947243481874,-0.00281373574398458,-0.000858816725667566
2.05627101659775,2.05166304111481,-0.999948978424072,-0.00606772163882852,-0.00806586164981127,0.00469544855877757,-0.987038731575012,0.160412818193436,-0.00893465895205736,0.160366773605347,0.987017035484314,-0.000741642666980624,-0.00351234548725188,0.00374068762175739
2.07304704189301,2.07229900360107,-0.999953389167786,-0.00612642290070653,-0.00744197051972151,0.00485483324155211,-0.9870645403862,0.160248979926109,-0.00832745898514986,0.160205408930779,0.9870485663414,-0.000712844368536025,-0.0105121182277799,-0.000774917309172451
2.09626603126526,2.09600603580475,-0.99996280670166,-0.00615738751366735,-0.00603138701990247,0.0051116063259542,-0.987068116664886,0.16021940112114,-0.00693992292508483,0.160182625055313,0.987062990665436,-0.00148426764644682,-0.00611665286123753,-0.00338499923236668
2.11749404668808,2.1172040104866,-0.999973773956299,-0.00626947730779648,-0.00361415324732661,0.00560447573661804,-0.986889839172363,0.161297708749771,-0.00457802368327975,0.161273241043091,0.986899197101593,0.00514439167454839,-0.001620375784114,0.000830450793728232
2.13934201002121,2.1390620470047,-0.999979138374329,-0.00645277090370655,-0.000289325776975602,0.00631897430866957,-0.986564517021179,0.163250058889389,-0.00133885373361409,0.163244813680649,0.986584663391113,0.00151121139060706,-0.00421515665948391,-0.00363443372771144
2.16429901123047,2.16399300098419,-0.999975383281708,-0.00667536398395896,0.00213765259832144,0.00693591544404626,-0.986379086971283,0.164341554045677,0.00101149606052786,0.164352342486382,0.986401200294495,0.00988911744207144,0.000416385417338461,-0.0125917429104447
2.18248099088669,2.18220400810242,-0.999970495700836,-0.00707789463922381,0.00300535443238914,0.00747502082958817,-0.986426651477814,0.164032593369484,0.00180355622433126,0.164050206542015,0.98645031452179,0.0108178546652198,0.00494445208460093,-0.005996557418257
2.2056770324707,2.20539504289627,-0.999975323677063,-0.00676388805732131,0.00189440837129951,0.0069825598038733,-0.986529171466827,0.163436189293861,0.000763425137847662,0.163445398211479,0.986552059650421,0.0114616695791483,-0.00247262255288661,0.00408443668857217
2.22900503873825,2.22873204946518,-0.999974250793457,-0.00699095707386732,0.00161981885321438,0.00716133788228035,-0.986655056476593,0.162666693329811,0.000461006595287472,0.162674114108086,0.98667973279953,0.00252008740790188,-0.00450859311968088,0.0101782809942961
2.24985402822495,2.24957704544067,-0.999973595142365,-0.00704581290483475,0.00175813818350434,0.00723726768046618,-0.986845016479492,0.161506831645966,0.00059706304455176,0.161515295505524,0.986870050430298,-0.0139278974384069,0.00989549607038498,0.0234453454613686
2.27140700817108,2.27114999294281,-0.999973893165588,-0.00697414902970195,0.00187787157483399,0.00718513270840049,-0.987010836601257,0.160492822527885,0.000734178756829351,0.16050212085247,0.98703521490097,0.0211192052811384,-0.0253287125378847,-0.00391631713137031
2.29280602931976,2.29252904653549,-0.999971091747284,-0.00713429227471352,0.00263268873095512,0.00746322516351938,-0.987132728099823,0.159728765487671,0.00145926175173372,0.159743785858154,0.98715740442276,-0.00234167650341988,-0.00372339691966772,0.00711592752486467
2.3155130147934,2.31523102521896,-0.999970257282257,-0.00713057676330209,0.00292559387162328,0.00750797847285867,-0.986982703208923,0.160650715231895,0.0017419783398509,0.160667911171913,0.987006962299347,0.00226946570910513,-0.00631095934659243,-0.00011459654342616
2.33807504177094,2.33771902322769,-0.999969363212585,-0.00676255952566862,0.00390126649290323,0.00730383861809969,-0.986847996711731,0.161485180258751,0.0027579041197896,0.16150875389576,0.986867427825928,-0.00543711241334677,-0.00710917776450515,-0.0063881897367537
2.3687469959259,2.36846804618835,-0.999966502189636,-0.00609796214848757,0.00545192789286375,0.00689845811575651,-0.98684948682785,0.161494418978691,0.00439544580876827,0.161526635289192,0.986858546733856,-0.00620578648522496,-0.00624543707817793,-0.00325374095700681
2.38157504796982,2.38130700588226,-0.999968290328979,-0.00576353026553988,0.00549123249948025,0.00657003885135055,-0.987021028995514,0.16045668721199,0.0044951643794775,0.160487681627274,0.987027585506439,-0.00677683437243104,-0.00708481762558222,0.00678773922845721
2.40882104635239,2.40502202510834,-0.999969780445099,-0.00599436415359378,0.00493608415126801,0.00670273927971721,-0.987266778945923,0.15893180668354,0.0039205364882946,0.158960089087486,0.987277209758759,0.00048051742487587,-0.0117072407156229,0.00824280083179474
2.42596101760864,2.42570304870605,-0.999970972537994,-0.0060725025832653,0.00460506184026599,0.00672306679189205,-0.987452149391174,0.157775446772575,0.00358918635174632,0.157801821827888,0.987464249134064,0.00877071171998978,-0.00291486270725727,0.00313505507074296
2.44962900876999,2.44934099912643,-0.999972462654114,-0.00611060997471213,0.00420885346829891,0.00669386750087142,-0.987663984298706,0.156444817781448,0.00320095964707434,0.156468689441681,0.987677752971649,0.0166447665542364,-0.00923510547727346,-0.00513537880033255
2.46965402364731,2.46935802698135,-0.999973475933075,-0.00632147071883082,0.00359952659346163,0.00680412305518985,-0.987825155258179,0.155418917536736,0.00257322681136429,0.155439302325249,0.987842082977295,0.012052895501256,-0.0118326675146818,-0.00845002010464668
2.4907660484314,2.4902999997139,-0.999974071979523,-0.00643474003300071,0.00321630109101534,0.00685465661808848,-0.98795223236084,0.154607266187668,0.00218269415199757,0.154625326395035,0.987970769405365,0.00822118390351534,-0.0165963359177113,-0.00958782248198986
2.51361399888992,2.5133570432663,-0.999975442886353,-0.00641415966674685,0.00283445511013269,0.00677346577867866,-0.988107204437256,0.153617650270462,0.00181541731581092,0.153633058071136,0.988126277923584,0.00844968948513269,-0.0114671951159835,-0.0126671567559242
2.53602504730225,2.53576999902725,-0.999975800514221,-0.00648712925612926,0.00248767738230526,0.00679135788232088,-0.988204896450043,0.152986288070679,0.00146589311771095,0.152999490499496,0.988225162029266,0.00575305847451091,-0.0159590132534504,-0.0097148846834898
2.55758100748062,2.55732601881027,-0.999975800514221,-0.00650047836825252,0.00242913980036974,0.00679614813998342,-0.988144338130951,0.153376460075378,0.0014033205807209,0.153389275074005,0.988164842128754,0.00772393960505724,-0.0142108192667365,-0.0136051755398512
2.57947999238968,2.57911902666092,-0.999978184700012,-0.00631502782925963,0.00192248891107738,0.00653584906831384,-0.988035023212433,0.154090851545334,0.000926398439332843,0.154100060462952,0.988054811954498,0.00482165860012174,-0.00295260595157743,-0.0202307105064392
2.60225701332092,2.60192602872849,-0.999977946281433,-0.00644638389348984,0.00157373410183936,0.00661228224635124,-0.987927198410034,0.154777690768242,0.00055697828065604,0.154784694314003,0.987948060035706,0.00361841171979904,-0.00373060954734683,-0.0275090839713812
2.62412202358246,2.62379199266434,-0.99997752904892,-0.00653372285887599,0.00152769032865763,0.00669137528166175,-0.987947404384613,0.154645457863808,0.000498866953421384,0.154652193188667,0.987968862056732,-2.87062466668431e-05,-0.00250480906106532,-0.0261150132864714
2.64632999897003,2.64600104093552,-0.999977052211761,-0.0066702114418149,0.00116024701856077,0.00676933117210865,-0.988032639026642,0.154095962643623,0.000118509342428297,0.15410028398037,0.988055229187012,0.00726376287639141,0.00449879420921206,-0.0141420606523752
2.66792303323746,2.6675940155983,-0.999975383281708,-0.00696187140420079,0.000717933115083724,0.00698941620066762,-0.988059997558594,0.153910040855408,-0.000362140883225948,0.153911292552948,0.988084614276886,-0.000502770009916276,0.00290906568989158,-0.00916881486773491
2.69098502397537,2.68997400999069,-0.999972641468048,-0.00738311046734452,0.000266912044025958,0.00733632547780871,-0.988076269626617,0.15379011631012,-0.000871720141731203,0.153787881135941,0.98810350894928,-0.00246441131457686,0.00515426089987159,-0.014398941770196
2.71190202236176,2.71140903234482,-0.999968111515045,-0.00797130353748798,0.000360027916030958,0.00793207436800003,-0.98811286687851,0.153525128960609,-0.000868047238327563,0.153523102402687,0.98814469575882,0.00226737651973963,0.0102145820856094,-0.0148613033816218
2.73429799079895,2.73384499549866,-0.999962568283081,-0.00858561042696238,0.00104552751872689,0.0086442856118083,-0.988078534603119,0.153707727789879,-0.00028661111718975,0.153711006045341,0.988115787506104,0.000206294134841301,0.00642988411709666,-0.00895450729876757
2.7582820057869,2.75681799650192,-0.999957621097565,-0.00908803567290306,0.00142158521339297,0.00919854640960693,-0.988035202026367,0.153953537344933,5.44119393453002e-06,0.153960093855858,0.988077044487,0.00210823072120547,0.00731656141579151,-0.0084744468331337
2.77966499328613,2.7789860367775,-0.999952375888824,-0.00958550721406937,0.00179287616629153,0.00974727235734463,-0.988019526004791,0.154020398855209,0.000295033096335828,0.154030561447144,0.988066017627716,-0.00107577617745847,0.00436219852417707,-0.0185410156846046
2.80162400007248,2.80095899105072,-0.999947190284729,-0.00989586766809225,0.00278474669903517,0.0102075068280101,-0.987914681434631,0.154662311077118,0.00122057425323874,0.154682576656342,0.987963438034058,-0.00582121033221483,0.00106734118890017,-0.0137607753276825
2.82304102182388,2.82236903905869,-0.999943971633911,-0.0100278099998832,0.00335509004071355,0.0104272412136197,-0.987810552120209,0.155310526490211,0.00175676913931966,0.15533684194088,0.987860023975372,-0.00171082792803645,0.000540633511263877,-0.0147034758701921
2.84521502256393,2.84455001354218,-0.999937474727631,-0.0104399919509888,0.00398499984294176,0.0109353978186846,-0.987593829631805,0.156648024916649,0.00230015791021287,0.156681820750237,0.987646460533142,-0.00776426726952195,0.000871052732691169,-0.0124145830050111
2.86810201406479,2.86743199825287,-0.999926745891571,-0.0112327300012112,0.00448876479640603,0.0118018388748169,-0.987314581871033,0.158336520195007,0.0026532718911767,0.158377915620804,0.987375020980835,-0.00419348618015647,0.00197970797307789,-0.013601559214294
2.8885270357132,2.88777500391006,-0.999915242195129,-0.0120053952559829,0.00502593442797661,0.0126550802960992,-0.987030446529388,0.160033270716667,0.00303948763757944,0.160083308815956,0.987098813056946,0.00649077817797661,0.00588897382840514,-0.0193556398153305
2.912034034729,2.9113450050354,-0.999908626079559,-0.0124805299565196,0.00519368890672922,0.0131545765325427,-0.986837267875671,0.161180585622787,0.0031137065961957,0.161234170198441,0.986911237239838,0.00771138910204172,0.0111866798251867,-0.00594762107357383
2.93322402238846,2.93254899978638,-0.999902009963989,-0.0130615867674351,0.00503311678767204,0.0137028992176056,-0.986787259578705,0.161440446972847,0.00285794748924673,0.161493584513664,0.986869633197784,0.00736771151423454,0.00702149700373411,-0.00429553911089897
2.95632100105286,2.95483404397964,-0.999895036220551,-0.0135269314050674,0.0051974905654788,0.0141884088516235,-0.986795663833618,0.161347523331642,0.002946323947981,0.161404326558113,0.986883938312531,0.00501438463106751,0.00296129006892443,-0.00171771820168942
2.97831499576569,2.97759902477264,-0.999889135360718,-0.0138237662613392,0.00551023660227656,0.0145298726856709,-0.986889064311981,0.160744175314903,0.00321590295061469,0.160806432366371,0.986980736255646,0.00988950952887535,0.0026478657964617,0.00214795814827085
2.99826002120972,2.9975780248642,-0.999878764152527,-0.0144898639991879,0.00567574240267277,0.0152119034901261,-0.986977756023407,0.160135015845299,0.00328149739652872,0.160201951861382,0.987078785896301,0.00807137228548527,-0.00116564868949354,-0.0032013482414186
3.02116400003433,3.02049404382706,-0.999865651130676,-0.0153311174362898,0.00578060513362288,0.0160581488162279,-0.987011194229126,0.159846052527428,0.00325490394607186,0.159917429089546,0.987125039100647,0.0130285304039717,-0.00270581687800586,-0.00404013367369771
3.04357004165649,3.04288703203201,-0.999853372573853,-0.0160920210182667,0.00586550775915384,0.0168212354183197,-0.987078547477722,0.159351840615273,0.00322542409412563,0.159427121281624,0.987204432487488,0.00856631342321634,-0.00352048547938466,-0.0121394405141473
3.06401199102402,3.06380999088287,-0.999839127063751,-0.0167451128363609,0.00642254622653127,0.0175524801015854,-0.987165927886963,0.158730179071426,0.00368216400966048,0.158817380666733,0.987301111221313,0.00684979232028127,-0.00215848721563816,-0.0102574853226542
3.08620101213455,3.08592200279236,-0.999828934669495,-0.0172149129211903,0.00674357684329152,0.0180640071630478,-0.987289726734161,0.157900124788284,0.00393962813541293,0.157994955778122,0.987432062625885,0.00425639422610402,-0.00414821272715926,-0.00165790563914925
3.10966402292252,3.1093510389328,-0.999824941158295,-0.0173871237784624,0.00691392878070474,0.0182558801025152,-0.987482190132141,0.156670659780502,0.00410332949832082,0.156769454479218,0.987626731395721,0.00253465655259788,-0.0052098399028182,-0.00494226720184088
3.13018399477005,3.12990701198578,-0.999817490577698,-0.0176392514258623,0.00733244698494673,0.0185651462525129,-0.987662851810455,0.155490338802338,0.00449925288558006,0.155598104000092,0.98781019449234,0.00162566022481769,-0.000179820563062094,-0.00329392799176276
3.15257900953293,3.15230000019073,-0.999804794788361,-0.0180997513234615,0.00792108010500669,0.0191094614565372,-0.987720191478729,0.155059888958931,0.00501726567745209,0.155180975794792,0.987873315811157,-2.87491166091058e-05,0.00122076540719718,-0.00527548650279641
3.1750910282135,3.17441803216934,-0.999796807765961,-0.0184945724904537,0.00800913292914629,0.0195124931633472,-0.987733244895935,0.154926419258118,0.00504558905959129,0.155051231384277,0.987893521785736,0.00665110070258379,0.00510037271305919,-0.00972608383744955
3.19635403156281,3.19608902931213,-0.999794900417328,-0.0185061655938625,0.00822127982974052,0.0195511840283871,-0.987898468971252,0.153864458203316,0.00527434842661023,0.153993651270866,0.988057732582092,0.00405562995001674,0.00536592258140445,-0.00831064768135548
3.21835201978683,3.21806800365448,-0.999795019626617,-0.0183776784688234,0.00850161351263523,0.0194547232240438,-0.98824667930603,0.151624545454979,0.00561518454924226,0.15175886452198,0.988401591777802,-0.0015997044974938,0.00358378025703132,0.000242417459958233
3.24036002159119,3.24008202552795,-0.999791026115417,-0.0182953923940659,0.00912420079112053,0.0194577276706696,-0.988491296768188,0.150021180510521,0.00627449573948979,0.150167360901833,0.988640666007996,-0.0032049014698714,0.00193463696632534,0.0179070364683867
3.26282203197479,3.26252400875092,-0.999783992767334,-0.0183036550879478,0.00984759815037251,0.0195708423852921,-0.988568246364594,0.149498730897903,0.00699864933267236,0.149659156799316,0.988712906837463,-0.00312237325124443,-8.3181555964984e-05,0.00941905472427607
3.28684502840042,3.28653001785278,-0.999781906604767,-0.0180769544094801,0.0104592842981219,0.0194309819489717,-0.988712430000305,0.148560240864754,0.00765570718795061,0.14873106777668,0.988848030567169,-0.00156464159954339,0.000107476524135564,-0.0028664309065789
3.30600500106812,3.30572003126144,-0.999783098697662,-0.0177829898893833,0.0108388038352132,0.0191813334822655,-0.988997995853424,0.146679639816284,0.00811115372925997,0.146855741739273,0.989124655723572,0.00319415098056197,0.000607252062764019,-0.00258981250226498
3.32737904787064,3.32710802555084,-0.999780833721161,-0.0176536682993174,0.011248642578721,0.0191029142588377,-0.98918217420578,0.145442709326744,0.00855936110019684,0.145625725388527,0.989302754402161,-0.000210707396036014,-0.00793864484876394,0.00462255207821727
3.35041302442551,3.35014003515244,-0.999772787094116,-0.0175010357052088,0.0121700130403042,0.0190826151520014,-0.989235877990723,0.14508019387722,0.00949995964765549,0.145279452204704,0.989345073699951,0.00266378675587475,-0.00224342104047537,-0.000446819351054728
3.37239003181458,3.3721250295639,-0.99977308511734,-0.0172285009175539,0.0125295426696539,0.0188615713268518,-0.989293158054352,0.144718125462532,0.0099021140486002,0.144921615719795,0.989393591880798,0.00924890208989382,-0.00416187569499016,-0.0120865143835545
3.39402604103088,3.39375901222229,-0.999779522418976,-0.016865024343133,0.0124991862103343,0.0184884648770094,-0.989431381225586,0.143817767500877,0.00994159746915102,0.144017174839973,0.989525258541107,0.00590738980099559,-0.00271237152628601,-0.0186382047832012
3.41663300991058,3.41630101203918,-0.999785840511322,-0.016578545793891,0.0123806856572628,0.0181802827864885,-0.989547550678253,0.143056035041809,0.00987961702048779,0.143250495195389,0.989637136459351,0.00140961585566401,-0.00835693348199129,-0.0111715653911233
3.43869400024414,3.43837404251099,-0.999776005744934,-0.0165908485651016,0.0131379291415215,0.0182995796203613,-0.989563882350922,0.142927825450897,0.0106295272707939,0.143136233091354,0.989645898342133,0.00238048331812024,-0.00854617357254028,-0.0030909045599401
3.46068799495697,3.46030604839325,-0.999761939048767,-0.0167812667787075,0.0139388013631105,0.0186017341911793,-0.989570438861847,0.142843097448349,0.0113963391631842,0.1430684030056,0.989647209644318,0.00809468515217304,-0.00548757938668132,-0.00101443380117416
3.48237502574921,3.48212003707886,-0.999756455421448,-0.0169273465871811,0.014155425131321,0.01877136901021,-0.989640474319458,0.142334803938866,0.0115994326770306,0.142565861344337,0.989717364311218,0.0111189261078835,-0.00619425158947706,-0.00466741807758808
3.50415802001953,3.50364899635315,-0.999756395816803,-0.017147108912468,0.0139014860615134,0.0189433433115482,-0.989754557609558,0.141517207026482,0.0113324476405978,0.141746059060097,0.989838182926178,0.00531078735366464,-0.00478407461196184,-0.00433295778930187
3.52650302648544,3.52624899148941,-0.999745309352875,-0.0173753574490547,0.0143953366205096,0.0192308016121387,-0.98985093832016,0.140801951289177,0.0118027543649077,0.141042932868004,0.989933133125305,0.00112019048538059,-0.00954289641231298,0.000583755783736706
3.54887801408768,3.54862904548645,-0.999731242656708,-0.0176909063011408,0.0149802304804325,0.0196262653917074,-0.989837229251862,0.140843778848648,0.0123363360762596,0.14109992980957,0.98991847038269,0.00968542974442244,-0.0104928920045495,0.00946500152349472
