timestamp,ts,m11,m12,m13,m21,m22,m23,m31,m32,m33,ax,ay,az
0.0918309688568115,0.0914639830589294,0.999989748001099,-0.001436299062334,0.00429054535925388,0.001468381495215,0.99997091293335,-0.00748371100053191,-0.00427967216819525,0.00748993409797549,0.99996280670166,0.0,0.0,0.0
0.102778971195221,0.102518975734711,0.997381210327148,0.00668963091447949,-0.0720135197043419,0.015453927218914,0.953003764152527,0.302564024925232,0.0706531926989555,-0.302884578704834,0.950404703617096,0.0223620906472206,-0.00024663849035278,0.00791505817323923
0.125226974487305,0.124965965747833,0.997994244098663,0.00196793070062995,-0.0632743909955025,0.0154820494353771,0.961577475070953,0.274096876382828,0.061382632702589,-0.274526745080948,0.959618270397186,0.0361518748104572,-0.00686319125816226,0.0303732864558697
0.149107992649078,0.148678958415985,0.998508512973785,0.000626901630312204,-0.0545929260551929,0.0126366410404444,0.970127761363983,0.242265254259109,0.0531139858067036,-0.242593795061111,0.968672871589661,0.0539123229682446,-0.0375504195690155,0.0576468855142593
0.168573021888733,0.168278992176056,0.999037623405457,0.000290182884782553,-0.0438603796064854,0.00889149494469166,0.977875769138336,0.208997294306755,0.0429506488144398,-0.209186151623726,0.976932108402252,-0.0203313268721104,0.0223975758999586,-0.0755733624100685
0.190953969955444,0.190599977970123,0.99974262714386,-0.00526656536385417,-0.0220675058662891,0.00920301117002964,0.983202934265137,0.18228343129158,0.0207368284463882,-0.182439595460892,0.982998371124268,-0.0437807627022266,0.0441608689725399,-0.118609912693501
0.212825000286102,0.212199985980988,0.999933660030365,-0.0108463438227773,-0.0038744246121496,0.0113418465480208,0.985829472541809,0.167366564273834,0.00200420687906444,-0.167399406433105,0.985887110233307,-0.00987112894654274,0.0240865405648947,-0.110426351428032
0.234724998474121,0.234461009502411,0.999865472316742,-0.0147797474637628,0.0071119274944067,0.013448347337544,0.986965000629425,0.16037218272686,-0.00938948430120945,-0.160254970192909,0.987030982971191,0.0052503552287817,0.00819628499448299,-0.0518331415951252
0.256829977035522,0.256564974784851,0.999711632728577,-0.0182051379233599,0.0156582854688168,0.0155661795288324,0.987841248512268,0.154684543609619,-0.0182839557528496,-0.154396206140518,0.987839818000793,0.0100583098828793,-0.00303029408678412,0.011887670494616
0.278827011585236,0.278562963008881,0.999505817890167,-0.0208436418324709,0.0235302336513996,0.0171964298933744,0.989169299602509,0.145768120884895,-0.0263137221336365,-0.145291462540627,0.989038944244385,-0.000914347532670945,-0.0102529814466834,0.0400795675814152
0.300490021705627,0.300240993499756,0.999248683452606,-0.0232363436371088,0.0310185048729181,0.0189208369702101,0.990960419178009,0.132813453674316,-0.0338242091238499,-0.132126778364182,0.990655541419983,-0.00505327200517058,-0.0161275751888752,-0.0115722240880132
0.323028981685638,0.32260400056839,0.999011099338531,-0.0248571876436472,0.0368631035089493,0.0202270280569792,0.992440402507782,0.121049225330353,-0.0395933762192726,-0.120183885097504,0.991961777210236,-0.00422881310805678,0.00767642166465521,-0.0556456297636032
0.355664014816284,0.355095982551575,0.998921036720276,-0.0254719853401184,0.0388317108154297,0.020891971886158,0.993249833583832,0.114097878336906,-0.0414758920669556,-0.113163501024246,0.992710292339325,0.000761031464207917,0.00310544692911208,-0.0893056765198708
0.366554975509644,0.366240978240967,0.998960673809052,-0.0255730915814638,0.0377309806644917,0.0212226193398237,0.993537068367004,0.111506551504135,-0.0403386913239956,-0.110589906573296,0.993047177791595,0.0119131077080965,0.00413045007735491,-0.060602743178606
0.388517022132874,0.388275980949402,0.999105870723724,-0.0251916851848364,0.0339538156986237,0.0212876033037901,0.993614196777344,0.110804811120033,-0.0365283489227295,-0.109982937574387,0.993261992931366,0.019900469109416,0.00568701047450304,-0.0219967719167471
0.411091983318329,0.410817980766296,0.999199330806732,-0.0243003871291876,0.0317835696041584,0.0206476617604494,0.993651449680328,0.110591240227222,-0.0342692025005817,-0.10984643548727,0.99335765838623,0.0109553216025233,-0.00349872908554971,-0.0191850941628218
0.433197021484375,0.432904958724976,0.999332785606384,-0.023433793336153,0.0280148331075907,0.0202000550925732,0.99365895986557,0.11060643196106,-0.0304291192442179,-0.109966740012169,0.99346935749054,0.00846832524985075,-0.000813238555565476,-0.0243223793804646
0.454975008964539,0.454732954502106,0.999461531639099,-0.0225832518190145,0.0238045491278172,0.0197673086076975,0.993451774120331,0.112529158592224,-0.0261899456381798,-0.111998006701469,0.993363261222839,0.00219810451380908,0.00107895594555885,-0.0185386128723621
0.488658010959625,0.488402962684631,0.999567925930023,-0.0216989926993847,0.0198284592479467,0.0191923752427101,0.992724180221558,0.118871107697487,-0.0222635734826326,-0.118439182639122,0.992711663246155,-0.00138125743251294,-0.00771581288427114,0.0232597831636667
0.499063014984131,0.498808979988098,0.999622344970703,-0.0207900758832693,0.0179694052785635,0.0184295494109392,0.992260694503784,0.122796811163425,-0.0203832890838385,-0.122419275343418,0.992269158363342,-0.00710078608244658,-0.00430890126153827,0.0202842745929956
0.521183013916016,0.520941972732544,0.999655783176422,-0.0200939327478409,0.0168688986450434,0.0178462527692318,0.9920973777771,0.124194711446762,-0.0192311499267817,-0.123850911855698,0.99211448431015,-0.00490539334714413,0.0012546454090625,-0.000378209340851754
0.555068016052246,0.554539978504181,0.999713718891144,-0.0191144626587629,0.0143899293616414,0.0171633530408144,0.991974294185638,0.125269189476967,-0.0166688933968544,-0.124986357986927,0.992018401622772,-7.54021530156024e-05,-0.00311825308017433,-0.0186169501394033
0.564606964588165,0.564369976520538,0.999772012233734,-0.0178582966327667,0.0117027964442968,0.0162260830402374,0.991745412349701,0.127191826701164,-0.0138776227831841,-0.126972928643227,0.991809070110321,-0.00822518207132816,-0.00462886970490217,-0.00930479262024164
0.586719989776611,0.586484968662262,0.999818325042725,-0.01679284311831,0.00901782885193825,0.0154832126572728,0.99144458770752,0.129606932401657,-0.0111171472817659,-0.129443764686584,0.991524457931519,0.00274646701291203,-0.00630309665575624,-0.00672079669311643
0.609205007553101,0.608967006206512,0.999853730201721,-0.0157292690128088,0.00672011589631438,0.0147107765078545,0.991227447986603,0.13134591281414,-0.00872713886201382,-0.13122783601284,0.991313815116882,0.00279860687442124,-0.0041368780657649,-0.0178872290998697
0.630762994289398,0.630518972873688,0.99987804889679,-0.0148705281317234,0.00476409681141376,0.0141013991087675,0.990943729877472,0.133535444736481,-0.00670669414103031,-0.133451998233795,0.991032600402832,-0.00149200682062656,-0.00878328084945679,-0.013972295448184
0.664043009281158,0.663505971431732,0.999892115592957,-0.0144049217924476,0.00287494948133826,0.0138824013993144,0.990674138069153,0.135543420910835,-0.00480063073337078,-0.135488882660866,0.990767240524292,-0.00820293091237545,-0.00985756795853376,-0.00491452869027853
0.675386011600494,0.675128996372223,0.999897718429565,-0.0142900990322232,0.000540029956027865,0.0140832969918847,0.990576028823853,0.136238098144531,-0.00248179654590786,-0.136216551065445,0.990675985813141,-0.000497567700222135,-0.00460052629932761,-0.01483244728297
0.69694197177887,0.696582973003387,0.810603141784668,-0.585591733455658,-0.00221189111471176,0.580274164676666,0.802722811698914,0.137542530894279,-0.0787682384252548,-0.112775906920433,0.990493416786194,-0.000747044978197664,-0.00842305086553097,-0.0139469159767032
0.71928197145462,0.71901398897171,0.810625612735748,-0.585548341274261,-0.00438529625535011,0.58036857843399,0.802414298057556,0.138937070965767,-0.0778355598449707,-0.115171030163765,0.990291476249695,-0.00264579267241061,-0.0031680369284004,0.000926877895835787
0.741041004657745,0.740801990032196,0.810510456562042,-0.585693895816803,-0.00594914332032204,0.580654799938202,0.802120804786682,0.139435306191444,-0.0768944919109344,-0.116468176245689,0.990213334560394,-0.00199711695313454,0.00433399388566613,0.00167266046628356
0.763193011283875,0.762952983379364,0.810404300689697,-0.585823595523834,-0.00744955614209175,0.580942213535309,0.8018758893013,0.139646306633949,-0.0758344978094101,-0.117497727274895,0.990173399448395,0.00355203053914011,0.00619293795898557,-0.00064078439027071
0.784937977790833,0.784687995910645,0.810368180274963,-0.585860013961792,-0.00844970345497131,0.581097960472107,0.801767587661743,0.139620259404182,-0.075023241341114,-0.118053928017616,0.990169048309326,0.00554260658100247,0.00494619831442833,-0.0126843266189098
0.808032989501953,0.807712972164154,0.810464859008789,-0.585716366767883,-0.00910787284374237,0.581011295318604,0.801778674125671,0.139916867017746,-0.0746491178870201,-0.118689477443695,0.990121364593506,0.00718851527199149,0.00824878364801407,-0.0223450679332018
0.830465972423553,0.82992297410965,0.810810565948486,-0.585220575332642,-0.0101530514657497,0.580563902854919,0.801912486553192,0.141003146767616,-0.0743760913610458,-0.120221331715584,0.989957094192505,0.00139785127248615,0.0015835837693885,-0.016237985342741
0.86243999004364,0.862155973911285,0.811064958572388,-0.584856450557709,-0.0107923373579979,0.580157339572906,0.801916062831879,0.142646819353104,-0.0747733786702156,-0.121957093477249,0.989714801311493,-0.0085798092186451,-0.00843045301735401,-0.000931550457607955
0.873282015323639,0.873030960559845,0.811001598834991,-0.584949851036072,-0.0104846395552158,0.580157160758972,0.801786959171295,0.143371254205704,-0.0754585564136505,-0.122357062995434,0.98961341381073,-0.00860780663788319,-0.00627169711515307,-0.00323019060306251
0.906175017356873,0.90592896938324,0.810850858688354,-0.585173726081848,-0.00962190330028534,0.580254316329956,0.80167281627655,0.14361609518528,-0.0763267502188683,-0.122034385800362,0.989586710929871,-0.00342683377675712,-0.00219689775258303,-0.0193091742694378
0.917343020439148,0.917104005813599,0.810705721378326,-0.58537346124649,-0.0096987709403038,0.580407559871674,0.801437318325043,0.144309356808662,-0.0767019242048264,-0.122621662914753,0.989485085010529,-0.00103177630808204,0.00282986485399306,-0.00673073157668114
0.940977990627289,0.940217971801758,0.810702621936798,-0.585376143455505,-0.00979939848184586,0.580388188362122,0.801371455192566,0.144752264022827,-0.0768815726041794,-0.123038493096828,0.989419400691986,-0.00249044108204544,0.00397467846050858,-0.00133377301972359
0.965802013874054,0.963981986045837,0.810694336891174,-0.585391759872437,-0.00954696908593178,0.580338954925537,0.801329016685486,0.14518429338932,-0.0773394405841827,-0.123240552842617,0.98935854434967,-0.00431320397183299,-0.00250552897341549,-0.00707087619230151
0.984540998935699,0.983802974224091,0.810654044151306,-0.585453450679779,-0.00917502120137215,0.580276310443878,0.801194727420807,0.146172180771828,-0.0782260447740555,-0.123819120228291,0.98921662569046,-0.00269003701396286,-0.00501190312206745,-0.00657195970416069
1.00695496797562,1.00623196363449,0.810612380504608,-0.585523366928101,-0.00836005806922913,0.580152630805969,0.801073610782623,0.147322788834572,-0.0795639231801033,-0.124271795153618,0.989053130149841,-0.00407233741134405,-0.0111244739964604,-0.00966512784361839
1.04542297124863,1.03446596860886,0.810438573360443,-0.58577424287796,-0.00760289654135704,0.580253422260284,0.800879597663879,0.147979110479355,-0.0805933624505997,-0.124339580535889,0.988961279392242,-0.00784703344106674,-0.0103155765682459,-0.0176152754575014
1.05554097890854,1.05472195148468,0.810174643993378,-0.58614182472229,-0.00739507004618645,0.580500960350037,0.800496876239777,0.149074956774712,-0.0814593583345413,-0.125069603323936,0.988798260688782,-0.00182561425026506,-0.00848729629069567,-0.0208147931843996
1.07443702220917,1.07224398851395,0.809968233108521,-0.586431264877319,-0.00705641880631447,0.580612301826477,0.800118207931519,0.150665894150734,-0.0827092379331589,-0.126131638884544,0.988559544086456,-0.000312036398099735,-0.0027307088021189,-0.017421891912818
1.09604001045227,1.09531700611115,0.809803664684296,-0.586661458015442,-0.00679932907223701,0.580662727355957,0.799757242202759,0.152378052473068,-0.0839565396308899,-0.12734442949295,0.988298892974854,-0.00364076159894466,-1.14698686957126e-05,-0.0013861694606021
1.11638498306274,1.11589998006821,0.809560656547546,-0.58699768781662,-0.00671863555908203,0.580878436565399,0.799363017082214,0.153619378805161,-0.0848036035895348,-0.128266930580139,0.988107264041901,0.00457286695018411,0.00470885913819075,-0.0025696272496134
1.13878399133682,1.1380689740181,0.809357523918152,-0.58727639913559,-0.00683873146772385,0.581097185611725,0.79904305934906,0.154454261064529,-0.0852429121732712,-0.128982692956924,0.987976253032684,0.0122042372822762,0.0110369063913822,-0.00254802242852747
1.17394602298737,1.17344397306442,0.809441030025482,-0.58715546131134,-0.0073220394551754,0.580978512763977,0.798990666866302,0.155170112848282,-0.0852587521076202,-0.129855006933212,0.98786062002182,0.0106375543400645,0.00833478942513466,0.00472158985212445
1.18465596437454,1.18410700559616,0.809653341770172,-0.586862564086914,-0.00732783600687981,0.580637216567993,0.799119412899017,0.155783757567406,-0.0855678468942642,-0.130385652184486,0.987764000892639,0.00576420500874519,0.00463019032031298,-0.000364661100320518
1.20485901832581,1.20397698879242,0.809913873672485,-0.586505472660065,-0.00712430104613304,0.58019083738327,0.799292147159576,0.156558737158775,-0.0861281752586365,-0.130932554602623,0.9876429438591,0.00244296039454639,0.00392506737262011,-0.00947313476353884
1.22581601142883,1.22546398639679,0.810258388519287,-0.586035013198853,-0.00664971396327019,0.579569339752197,0.79953008890152,0.157641887664795,-0.087067037820816,-0.131584644317627,0.987473964691162,-0.00649712886661291,-0.00368927838280797,-0.00846720766276121
1.2479419708252,1.2475900053978,0.810454189777374,-0.585768163204193,-0.00629297643899918,0.579167306423187,0.799616694450378,0.158676743507385,-0.08791583776474,-0.132244914770126,0.987310528755188,-0.00595728354528546,-0.00477539654821157,-0.00660121254622936
1.26983898878098,1.26948797702789,0.810688495635986,-0.585447311401367,-0.0059644803404808,0.578698396682739,0.799714028835297,0.159892320632935,-0.0888386592268944,-0.13307449221611,0.987116456031799,-0.0040113553404808,-0.00760341295972466,0.00171910296194255
1.29150199890137,1.29114800691605,0.810873746871948,-0.585195064544678,-0.00551765039563179,0.578299045562744,0.799801170825958,0.16089840233326,-0.0897439420223236,-0.133659139275551,0.986955523490906,-0.00864570029079914,-0.00369815644808114,0.00978269800543785
1.32477998733521,1.32414096593857,0.810954689979553,-0.585083484649658,-0.00545653328299522,0.57815420627594,0.799847185611725,0.161189630627632,-0.0899450033903122,-0.1338721960783,0.986908376216888,0.00209656311199069,-0.00178949779365212,-0.000289507937850431
1.33550196886063,1.33522099256516,0.811054170131683,-0.584944665431976,-0.00555603578686714,0.578014314174652,0.799912095069885,0.161369606852531,-0.0899479687213898,-0.134090945124626,0.986878395080566,0.00172241008840501,-0.000251489982474595,-0.00515651097521186
1.36734998226166,1.36704099178314,0.81114673614502,-0.584816694259644,-0.00551250204443932,0.577877044677734,0.799999713897705,0.161426588892937,-0.0899949669837952,-0.134126201272011,0.986869335174561,0.000652048212941736,0.000766800076235086,-0.00814105104655027
1.38008296489716,1.37952500581741,0.811277508735657,-0.584636211395264,-0.00540873035788536,0.577652215957642,0.800089418888092,0.161786153912544,-0.0902585685253143,-0.13437782227993,0.98681104183197,3.86581486964133e-05,0.000149784886161797,-0.00600209087133408
1.4015200138092,1.40120697021484,0.811379373073578,-0.584494113922119,-0.0054878368973732,0.577492475509644,0.80013781785965,0.162116572260857,-0.0903651565313339,-0.134707227349281,0.986756324768066,-0.00110856420360506,-0.00325819384306669,0.00404456118121743
1.4239609837532,1.42366200685501,0.811450183391571,-0.584396362304688,-0.00543138012290001,0.577391862869263,0.800217747688293,0.162080779671669,-0.0903731435537338,-0.134656503796577,0.986762523651123,-0.00268479692749679,-0.00465200562030077,-0.00725601147860289
1.44654601812363,1.44625300168991,0.811564385890961,-0.58424174785614,-0.00497940555214882,0.577184915542603,0.800381124019623,0.162011057138443,-0.0906682014465332,-0.134356439113617,0.986776351928711,-0.00310257566161454,-0.0015936786076054,-0.0125980116426945
1.46846997737885,1.46819996833801,0.811754703521729,-0.583978891372681,-0.00479017198085785,0.576844334602356,0.800503492355347,0.162618204951286,-0.0911310613155365,-0.134769275784492,0.986677467823029,-0.004027234390378,-0.00426716916263103,-0.00523540191352367
1.49016499519348,1.48986595869064,0.81193882226944,-0.583724975585938,-0.00452901422977448,0.576510906219482,0.800638675689697,0.163134470582008,-0.0915995612740517,-0.135066226124763,0.986593425273895,-0.00550557812675834,-0.00338470027782023,0.00662823766469955
1.52354300022125,1.52327698469162,0.811989068984985,-0.583659708499908,-0.00388401374220848,0.576365649700165,0.800756454467773,0.163069754838943,-0.0920671075582504,-0.134649455547333,0.986606895923615,-0.00829380378127098,-0.00441071577370167,-0.0047261118888855
1.53407996892929,1.53380900621414,0.8119295835495,-0.583745777606964,-0.00335019454360008,0.5764200091362,0.800806820392609,0.162629663944244,-0.0922515392303467,-0.133974939584732,0.986681461334229,-0.00397580303251743,0.000138825183967128,-0.0136236855760217
1.55564200878143,1.55537396669388,0.811855018138885,-0.583850920200348,-0.00307834148406982,0.576513111591339,0.800795614719391,0.162354528903961,-0.0923257246613503,-0.133583039045334,0.986727714538574,-0.0014761695638299,0.000580837368033826,-0.0144014619290829
1.57794100046158,1.57766997814178,0.81180477142334,-0.58391946554184,-0.00330868363380432,0.576623141765594,0.800741612911224,0.162230014801025,-0.0920798927545547,-0.133606970310211,0.986747443675995,0.000902745872735977,0.00236370181664824,-0.0111773870885372
1.59970200061798,1.59943300485611,0.811788260936737,-0.583938241004944,-0.00398721173405647,0.576743483543396,0.800679266452789,0.16211000084877,-0.0914697647094727,-0.133898586034775,0.98676460981369,0.00709067238494754,0.00453247595578432,0.000711170840077102
1.6220999956131,1.6218289732933,0.811892569065094,-0.583791851997375,-0.00418134778738022,0.576630711555481,0.800772726535797,0.162049517035484,-0.0912548899650574,-0.133977875113487,0.986773788928986,0.00123552489094436,0.00358698493801057,0.000232020262046717
1.64536398649216,1.64415800571442,0.811953544616699,-0.583706140518188,-0.00430725887417793,0.576550602912903,0.800803184509277,0.162183940410614,-0.0912185162305832,-0.134169161319733,0.986751139163971,0.00269652483984828,4.40509975305758e-05,-0.00180476787500083
1.67513000965118,1.67484498023987,0.812070429325104,-0.583543360233307,-0.00432363525032997,0.576385796070099,0.800907552242279,0.162254422903061,-0.0912196785211563,-0.134254097938538,0.986739456653595,-0.00127188034821302,-0.00348654156550765,-0.00114503991790116
1.68824797868729,1.68789398670197,0.812101483345032,-0.583501398563385,-0.00415470078587532,0.576327741146088,0.800962507724762,0.162189081311226,-0.0913098156452179,-0.13410846889019,0.986750960350037,-0.00308658368885517,-0.00353662762790918,-0.0051008565351367
1.71013396978378,1.70974296331406,0.812104642391205,-0.583497524261475,-0.00408177077770233,0.576346516609192,0.801019906997681,0.161838456988335,-0.091162770986557,-0.133782282471657,0.986808836460114,-0.00125889619812369,-0.000728678132873029,-0.0103683033958077
1.73249399662018,1.73214399814606,0.812068462371826,-0.583548128604889,-0.00405030325055122,0.576438367366791,0.801054775714874,0.161338359117508,-0.090904176235199,-0.133352547883987,0.986890852451324,-0.00194459140766412,0.00322678289376199,-0.0126056214794517
1.75506299734116,1.75458699464798,0.812086045742035,-0.583522021770477,-0.00427249073982239,0.576488077640533,0.801119327545166,0.160839080810547,-0.0904303789138794,-0.133078217506409,0.986971378326416,0.00146481127012521,0.00397873669862747,-0.00886295735836029
1.77688896656036,1.77633798122406,0.812254369258881,-0.583282053470612,-0.00499005615711212,0.576363146305084,0.801244914531708,0.160661175847054,-0.0897125378251076,-0.133373811841011,0.986997008323669,0.00505022471770644,0.00189348426647484,0.00590264052152634
1.7984179854393,1.79793399572372,0.812524020671844,-0.582899570465088,-0.00571982935070992,0.576043009757996,0.801385521888733,0.161107420921326,-0.0893256664276123,-0.134198516607285,0.986920297145844,-0.000791240017861128,-0.0125070791691542,0.0174378789961338
1.82103598117828,1.82055497169495,0.812718510627747,-0.582624197006226,-0.00613550096750259,0.575783848762512,0.801475167274475,0.161587312817574,-0.0892272442579269,-0.134857729077339,0.986839354038239,0.000975094502791762,-0.0210146009922028,0.0238571651279926
1.84411096572876,1.84334498643875,0.812667846679688,-0.582690417766571,-0.00654116272926331,0.575849592685699,0.801306366920471,0.162188917398453,-0.0892644599080086,-0.13557243347168,0.98673802614212,0.00313290534541011,-0.0253110881894827,0.0297525692731142
1.87724500894547,1.87652099132538,0.812237918376923,-0.583290874958038,-0.00642608106136322,0.576447784900665,0.80092465877533,0.161949396133423,-0.0893168151378632,-0.135245740413666,0.986778140068054,-0.00581572856754065,-0.0305707324296236,0.0221174918115139
1.88817697763443,1.88700795173645,0.811150550842285,-0.584801852703094,-0.00644281879067421,0.578008234500885,0.799951612949371,0.161194831132889,-0.0891131013631821,-0.134477287530899,0.986901581287384,-0.00741938082501292,-0.0417928323149681,0.00350313354283571
1.91339099407196,1.91166299581528,0.80957555770874,-0.586961209774017,-0.00799481943249702,0.580333411693573,0.79823637008667,0.16134375333786,-0.0883207768201828,-0.135259628295898,0.986865878105164,0.0149391377344728,-0.0301540531218052,0.030078774318099
1.94357800483704,1.94191598892212,0.807767748832703,-0.589421629905701,-0.00966373831033707,0.583085536956787,0.796457827091217,0.160206526517868,-0.0867324471473694,-0.135044455528259,0.987036228179932,0.0263927802443504,-0.0295365173369646,0.0285706333816051
1.95438998937607,1.95373797416687,0.805909276008606,-0.591945171356201,-0.0105380229651928,0.585875988006592,0.794831991195679,0.158086866140366,-0.0852028131484985,-0.133577644824982,0.987369000911713,0.0452175922691822,-0.0289553590118885,0.00551167177036405
1.9853749871254,1.98508095741272,0.804765164852142,-0.593495190143585,-0.0107932984828949,0.587686717510223,0.794066905975342,0.155183672904968,-0.0835301652550697,-0.131229490041733,0.987826645374298,0.0645546093583107,-0.0348035097122192,-0.00185838877223432
1.99626499414444,1.99602395296097,0.804566502571106,-0.593736290931702,-0.0122412778437138,0.588154196739197,0.793812453746796,0.154713705182076,-0.0821418762207031,-0.131677225232124,0.987883508205414,0.0593071840703487,-0.0435742624104023,0.0373219810426235
2.01832699775696,2.01805698871613,0.804619014263153,-0.593690514564514,-0.0109469369053841,0.587996482849121,0.794061899185181,0.1540317684412,-0.0827546641230583,-0.130373641848564,0.98800528049469,0.0578244253993034,-0.0424251407384872,0.0388933122158051
2.0466560125351,2.04341995716095,0.804637432098389,-0.593711853027344,-0.0080527551472187,0.587656855583191,0.794344246387482,0.153872072696686,-0.084959015250206,-0.128543466329575,0.988057971000671,0.0557595007121563,-0.0350622572004795,-0.00251210597343743
2.0623539686203,2.06210899353027,0.804765224456787,-0.593575358390808,-0.00460273772478104,0.587221026420593,0.794968962669373,0.15230156481266,-0.0867434367537498,-0.125269815325737,0.988323330879211,0.0471093021333218,-0.0268061012029648,-0.0497625879943371
2.08459001779556,2.08433496952057,0.804956793785095,-0.59332275390625,-0.00355122983455658,0.586964845657349,0.795427978038788,0.150886043906212,-0.0866993889212608,-0.123541191220284,0.988544762134552,0.0206339508295059,-0.0241170041263103,-0.0880695953965187
2.10606998205185,2.10582500696182,0.80500328540802,-0.593263566493988,-0.00281986221671104,0.586839973926544,0.795571267604828,0.150615811347961,-0.0871114879846573,-0.122901029884815,0.988588333129883,0.00570979854092002,-0.0172003507614136,-0.093717560172081
2.12809699773788,2.12784695625305,0.805000305175781,-0.593268573284149,-0.0026211217045784,0.58666330575943,0.795364499092102,0.152385592460632,-0.0883208438754082,-0.12420815974474,0.988317668437958,0.00625949772074819,-0.021228913217783,-0.0585115812718868
2.15512502193451,2.15483999252319,0.804966747760773,-0.593316555023193,-0.00200143456459045,0.586228966712952,0.794821739196777,0.15682478249073,-0.0914559736847878,-0.127412036061287,0.987624406814575,-0.0071436483412981,-0.0141651947051287,-0.00227427179925144
2.1836000084877,2.18333500623703,0.804537236690521,-0.593898892402649,-0.00197670608758926,0.586377263069153,0.793811023235321,0.161324769258499,-0.0942414775490761,-0.13095086812973,0.986899375915527,-0.0101401591673493,-0.00194427871610969,0.0581579357385635
2.19453197717667,2.19409000873566,0.803708791732788,-0.595018267631531,-0.00231315940618515,0.587319731712341,0.792674601078033,0.163470029830933,-0.0954340845346451,-0.13274085521698,0.986545562744141,-0.00589897157624364,0.0100123835727572,0.0802498087286949
2.21645897626877,2.21621996164322,0.802663326263428,-0.596423923969269,-0.00317087396979332,0.588885843753815,0.791653096675873,0.162784412503242,-0.0945782959461212,-0.132528349757195,0.986656546592712,-0.00417795777320862,0.01695616543293,0.0521015115082264
2.2392510175705,2.23790299892426,0.801823854446411,-0.597542822360992,-0.00458727404475212,0.590428411960602,0.791047990322113,0.160116583108902,-0.092047780752182,-0.131093740463257,0.987087428569794,0.00151624425780028,0.017111212015152,0.0187189187854528
2.26152497529984,2.26067399978638,0.801691830158234,-0.597707450389862,-0.00600059702992439,0.590929090976715,0.791009485721588,0.158450990915298,-0.0899608135223389,-0.13057479262352,0.987348616123199,-0.00528343301266432,-0.000331975315930322,0.0119762942194939
2.28316396474838,2.28287398815155,0.801865518093109,-0.597463369369507,-0.00700843706727028,0.590892791748047,0.791197955608368,0.157643333077431,-0.0886410623788834,-0.130549982190132,0.987471222877502,-0.0213669594377279,-0.00721262861043215,0.0302568897604942
2.30486798286438,2.3044930100441,0.802041172981262,-0.597218990325928,-0.00771033763885498,0.590879321098328,0.791511833667755,0.156110808253288,-0.087129533290863,-0.129763171076775,0.98770946264267,-0.02183997631073,-0.0119647402316332,0.0324177034199238
2.32713901996613,2.32660496234894,0.802212059497833,-0.596994280815125,-0.00731591135263443,0.590721130371094,0.791885316371918,0.154810011386871,-0.0866273418068886,-0.128512114286423,0.987917184829712,-0.0245278254151344,-0.00923723168671131,0.0280630439519882
2.36044400930405,2.35944497585297,0.80226868391037,-0.596929371356964,-0.00634375587105751,0.590701639652252,0.792273938655853,0.152883872389793,-0.0862348824739456,-0.126401200890541,0.988223791122437,-0.0203971043229103,-0.0113312164321542,0.0180699899792671
2.37058800458908,2.3702409863472,0.802326738834381,-0.596859455108643,-0.00552906095981598,0.590760827064514,0.792736947536469,0.150232329964638,-0.0852845087647438,-0.1238017603755,0.988635241985321,-0.0179649777710438,-0.0116481576114893,-0.00123290659394115
2.39339196681976,2.39290601015091,0.8026242852211,-0.596471548080444,-0.00398485735058784,0.590333938598633,0.793372988700867,0.148543357849121,-0.0854404270648956,-0.121576905250549,0.988897860050201,-0.0389885194599628,-0.0294504072517157,-0.00801985990256071
2.41524600982666,2.41476196050644,0.802434682846069,-0.596729338169098,-0.00356355309486389,0.590718567371368,0.793477356433868,0.146441772580147,-0.0845585092902184,-0.119615003466606,0.989212870597839,-0.0663687288761139,-0.0376860350370407,0.000626446097157896
2.43742197751999,2.43694299459457,0.801489531993866,-0.598008096218109,-0.000841248780488968,0.591894924640656,0.793093979358673,0.143743768334389,-0.0852927714586258,-0.11570705473423,0.989614605903625,-0.0660267993807793,-0.0358369164168835,-0.0298403762280941
2.45977699756622,2.45926296710968,0.800130009651184,-0.599826514720917,0.000297382473945618,0.59391051530838,0.792307794094086,0.139709159731865,-0.0840368792414665,-0.111608877778053,0.990192532539368,-0.0631181448698044,-0.0384982414543629,-0.059703703969717
2.49334698915482,2.49251997470856,0.798773646354675,-0.60163140296936,0.000550754368305206,0.595858812332153,0.791235387325287,0.137472614645958,-0.0831436291337013,-0.109481319785118,0.990505397319794,-0.0507950708270073,-0.0434203296899796,-0.0349920243024826
2.51033800840378,2.50943797826767,0.797509133815765,-0.603303015232086,-0.00212706252932549,0.597915947437286,0.789907813072205,0.136169403791428,-0.0804712474346161,-0.109868139028549,0.990683257579803,-0.040411364287138,-0.0509491302073002,0.0319125317037106
2.52655202150345,2.52582496404648,0.796197175979614,-0.60502165555954,-0.00433426722884178,0.599918067455292,0.788510501384735,0.135460287332535,-0.078538790345192,-0.110453300178051,0.990773320198059,-0.0308235250413418,-0.0737224593758583,0.0974627509713173
2.54929399490356,2.54830497503281,0.794938504695892,-0.606668531894684,-0.00509949028491974,0.601807057857513,0.787448406219482,0.133241295814514,-0.0768177285790443,-0.108987547457218,0.991070508956909,-0.0436889678239822,-0.0957320854067802,0.0851867198944092
2.57040399312973,2.56968396902084,0.793269038200378,-0.608849942684174,-0.00508567690849304,0.604430496692657,0.786449074745178,0.127128139138222,-0.0734023451805115,-0.103920750319958,0.991873264312744,-0.0405776239931583,-0.111305698752403,0.0443177223205566
2.59268200397491,2.59196096658707,0.791695415973663,-0.610907435417175,-0.0032215416431427,0.606605648994446,0.785473346710205,0.12272397428751,-0.0724425613880157,-0.099114216864109,0.9924356341362,-0.0310840886086226,-0.123842798173428,-0.00640471884980798
2.6137729883194,2.61298298835754,0.790819108486176,-0.612042486667633,-0.00302955508232117,0.608143985271454,0.785204350948334,0.11668336391449,-0.0690363571047783,-0.0941178351640701,0.993164539337158,-0.0144278686493635,-0.133240342140198,-0.0298304501920938
2.6384180188179,2.63532799482346,0.790753662586212,-0.612125277519226,-0.00334801152348518,0.608296155929565,0.785172045230865,0.116105899214745,-0.0684425979852676,-0.0938477516174316,0.993231177330017,-0.0247713532298803,-0.140180721879005,0.00873412564396858
2.66089498996735,2.65956300497055,0.790932714939117,-0.611890316009521,-0.00395682454109192,0.608309388160706,0.785571336746216,0.113301992416382,-0.0662200376391411,-0.0920212268829346,0.99355274438858,-0.0323229134082794,-0.147043451666832,0.0490489304065704
2.69669699668884,2.6949799656868,0.79109263420105,-0.611689984798431,-0.00278014317154884,0.607978045940399,0.785775363445282,0.11366480588913,-0.067343071103096,-0.0916096568107605,0.993515253067017,-0.0361206009984016,-0.147718250751495,0.0521700493991375
2.70165300369263,2.70092499256134,0.79119884967804,-0.611552536487579,-0.00279949232935905,0.608055293560028,0.786168575286865,0.110488325357437,-0.0653685480356216,-0.089120477437973,0.993873476982117,-0.0495676808059216,-0.144043534994125,0.0439070500433445
2.72260397672653,2.72231298685074,0.79117488861084,-0.611586213111877,-0.00213748589158058,0.607914805412292,0.78603321313858,0.112211152911186,-0.0669466704130173,-0.0900780558586121,0.993682086467743,-0.0504315495491028,-0.146226957440376,0.0471641421318054
2.7559210062027,2.75551700592041,0.791007339954376,-0.611804485321045,-0.00162085890769958,0.607903957366943,0.785660088062286,0.114852026104927,-0.0689935386180878,-0.0918341130018234,0.993381261825562,-0.0505405329167843,-0.139908730983734,0.0562017224729061
2.76765900850296,2.76739096641541,0.790759325027466,-0.612118601799011,-0.00323654338717461,0.608378648757935,0.785321652889252,0.114652827382088,-0.0676394104957581,-0.0926318317651749,0.99340033531189,-0.0472276285290718,-0.1379564255476,0.0642621666193008
2.7894269824028,2.78895199298859,0.790312886238098,-0.6126908659935,-0.00392209365963936,0.608710944652557,0.784417510032654,0.118996024131775,-0.0698312222957611,-0.0964315086603165,0.992886960506439,-0.0459753163158894,-0.13713800907135,0.070584736764431
2.81106597185135,2.81079399585724,0.789538085460663,-0.613673567771912,-0.00585545599460602,0.609841227531433,0.783467590808868,0.11946614086628,-0.0687256678938866,-0.0978939682245255,0.992820978164673,-0.0349387042224407,-0.13736979663372,0.0708849728107452
2.83272796869278,2.83245998620987,0.788958251476288,-0.614412844181061,-0.00645953789353371,0.6100794672966,0.782056033611298,0.127245157957077,-0.073129341006279,-0.104331940412521,0.991850256919861,-0.0189107079058886,-0.134305745363235,0.0639938190579414
2.85512399673462,2.85483700037003,0.788635790348053,-0.614827275276184,-0.00639639422297478,0.609992027282715,0.781042456626892,0.133724629878998,-0.0772217065095901,-0.10936177521944,0.990997910499573,-0.0172453951090574,-0.137485086917877,0.0377660728991032
2.87739700078964,2.87676596641541,0.788407504558563,-0.615126550197601,-0.00573049485683441,0.610089004039764,0.780690133571625,0.13533054292202,-0.0787716805934906,-0.110191725194454,0.990783929824829,-0.00952993426471949,-0.13786281645298,-0.0109250508248806
2.89948201179504,2.89904296398163,0.788557529449463,-0.614940404891968,-0.00503028929233551,0.609918475151062,0.781019985675812,0.134191036224365,-0.0785907432436943,-0.108885407447815,0.990942716598511,-0.00527443084865808,-0.13353967666626,-0.0393459834158421
2.9212189912796,2.92093795537949,0.788914144039154,-0.614485263824463,-0.00471700727939606,0.609315991401672,0.781236171722412,0.135660991072655,-0.0796765983104706,-0.109899029135704,0.990744113922119,-6.30781141808257e-05,-0.12151063233614,-0.0812011063098907
2.94353801012039,2.9429429769516,0.789350926876068,-0.613937616348267,-0.00239292532205582,0.608699202537537,0.782095551490784,0.133460834622383,-0.0800651386380196,-0.106803998351097,0.991051197052002,0.0108059290796518,-0.113899394869804,-0.133201122283936
2.96512097120285,2.96469098329544,0.790213286876678,-0.612831830978394,-0.000218022614717484,0.607579708099365,0.783394455909729,0.130919441580772,-0.0800608098506927,-0.103586748242378,0.991392970085144,0.0262254606932402,-0.107392325997353,-0.173142537474632
2.9989829659462,2.99845999479294,0.792514860630035,-0.60985004901886,-0.00176014006137848,0.604995012283325,0.785835564136505,0.128231927752495,-0.0768190696835518,-0.102690577507019,0.991742670536041,0.0383399575948715,-0.118716321885586,-0.169970005750656
3.00963997840881,3.00914996862411,0.796224117279053,-0.604965269565582,-0.00664218887686729,0.600834429264069,0.789405584335327,0.125843942165375,-0.0708878338336945,-0.104190826416016,0.992027819156647,0.0289260502904654,-0.146021917462349,-0.117499776184559
3.03332698345184,3.03244096040726,0.800065457820892,-0.59983491897583,-0.009656872600317,0.59627890586853,0.793347239494324,0.122684836387634,-0.0659293979406357,-0.103914082050323,0.992398679256439,-0.0519389770925045,-0.119792588055134,-0.120043322443962
3.06104797124863,3.05820596218109,0.802146732807159,-0.597111821174622,-0.00424951687455177,0.593480348587036,0.796442627906799,0.116017915308475,-0.0658911764621735,-0.095585398375988,0.993238031864166,-0.092002809047699,-0.071192167699337,-0.260958135128021
3.08580899238586,3.0835520029068,0.802389442920685,-0.596793532371521,0.00293149799108505,0.592983603477478,0.797802448272705,0.109003126621246,-0.0673911198973656,-0.0857246220111847,0.994037091732025,-0.0561047568917274,0.00473981816321611,-0.347530901432037
3.09866899251938,3.09785997867584,0.802745163440704,-0.59628289937973,0.00684478506445885,0.592288076877594,0.798595011234283,0.106961779296398,-0.0692456960678101,-0.0818089619278908,0.994239568710327,-0.0356356836855412,0.0748725458979607,-0.319542169570923
3.11927098035812,3.11889898777008,0.803829789161682,-0.594814002513885,0.00734403729438782,0.590693652629852,0.799598395824432,0.10827424377203,-0.0702753290534019,-0.0826959833502769,0.994093954563141,-0.0350906550884247,0.112684041261673,-0.20097441971302
3.14169901609421,3.14101999998093,0.805933654308319,-0.591948688030243,0.00822234153747559,0.587773144245148,0.801752090454102,0.108241647481918,-0.0706657916307449,-0.0824027061462402,0.994090616703033,-0.0164358615875244,0.0761066377162933,-0.187061741948128
3.17568498849869,3.17530399560928,0.808788478374481,-0.588065266609192,0.00635434687137604,0.58371114730835,0.804023921489716,0.113255456089973,-0.0717106536030769,-0.0878905951976776,0.993545591831207,-0.00948427431285381,0.0761460736393929,-0.0770110562443733
3.19664698839188,3.19629698991776,0.811345458030701,-0.584559261798859,0.0029914379119873,0.579755365848541,0.805312037467957,0.123919866979122,-0.0748475566506386,-0.0988075211644173,0.992287695407867,0.00671458011493087,0.0995210632681847,0.0872431620955467
3.20724898576736,3.20690095424652,0.813054203987122,-0.582173049449921,0.00416103377938271,0.576625287532806,0.806250810623169,0.132147237658501,-0.0802874118089676,-0.105043508112431,0.991221368312836,0.030284084379673,0.115393087267876,0.147837579250336
3.22931802272797,3.22896295785904,0.813796043395996,-0.581098675727844,0.00776491314172745,0.574800372123718,0.806801795959473,0.136657789349556,-0.085676409304142,-0.106748290359974,0.990587890148163,0.0655346885323524,0.105346739292145,0.0749232098460197
3.25497001409531,3.25404995679855,0.813833355903625,-0.580986559391022,0.0113956443965435,0.573957502841949,0.806742966175079,0.140493914484978,-0.0908184349536896,-0.107798010110855,0.990015983581543,0.0619937926530838,0.112783953547478,0.0201062895357609
3.27415901422501,3.27377200126648,0.813211739063263,-0.581816673278809,0.0132657624781132,0.574578046798706,0.806297957897186,0.140512093901634,-0.0924484431743622,-0.106643855571747,0.989990055561066,0.062933124601841,0.112466439604759,-0.0311585962772369
3.30823701620102,3.30784296989441,0.811929225921631,-0.583563625812531,0.0149786099791527,0.575747311115265,0.804762423038483,0.144472926855087,-0.0963633805513382,-0.108677893877029,0.989395380020142,0.0714971646666527,0.121798366308212,-0.0506742037832737
3.31788200139999,3.31727600097656,0.811206102371216,-0.584681272506714,0.0096135139465332,0.57728385925293,0.803346812725067,0.146209299564362,-0.093208834528923,-0.113056153059006,0.989206969738007,0.0937504768371582,0.128402292728424,-0.00508624920621514
3.33928102254868,3.33892798423767,0.811221659183502,-0.58472204208374,0.00442866608500481,0.577199935913086,0.801952123641968,0.153990253806114,-0.0935930758714676,-0.12236399948597,0.98806244134903,0.0890691727399826,0.123762585222721,0.147684633731842
3.36202800273895,3.36161196231842,0.811451971530914,-0.584419071674347,1.85146927833557e-05,0.57678610086441,0.800858914852142,0.161067306995392,-0.0941456407308578,-0.130687713623047,0.986943423748016,0.0951723158359528,0.114909470081329,0.194035708904266
3.38373500108719,3.38317996263504,0.812172472476959,-0.583411157131195,-0.00269146263599396,0.575637638568878,0.800582945346832,0.166457802057266,-0.0949586182832718,-0.136741757392883,0.986044883728027,0.0832918137311935,0.0962063446640968,0.193594947457314
3.40653997659683,3.40567797422409,0.813487827777863,-0.581562638282776,-0.0047372542321682,0.573591828346252,0.800939440727234,0.171722114086151,-0.0960729271173477,-0.142411082983017,0.985134065151215,0.0597463920712471,0.0734707713127136,0.194454103708267
