timestamp,ts,m11,m12,m13,m21,m22,m23,m31,m32,m33,ax,ay,az
0.0856260061264038,0.0852449536323547,0.994269371032715,0.0229607410728931,-0.104408703744411,0.0246463567018509,0.901118993759155,0.432870775461197,0.104023702442646,-0.432963460683823,0.895389139652252,0.0123820640146732,-0.0370083749294281,0.00162082957103848
0.1076580286026,0.107184946537018,0.995844602584839,0.0136017892509699,-0.0900472328066826,0.0255506802350283,0.907338559627533,0.419623464345932,0.0874109640717506,-0.420180529356003,0.90322071313858,-0.0112661030143499,-0.057045828551054,0.0554728955030441
0.131067037582397,0.130197942256927,0.996840476989746,0.00263757072389126,-0.0793858841061592,0.0292159076780081,0.9172083735466,0.397335141897202,0.0738613978028297,-0.398399084806442,0.914233386516571,-0.0276738479733467,-0.00708378991112113,0.123477146029472
0.155445039272308,0.155135989189148,0.99714607000351,-0.00538729876279831,-0.0753042548894882,0.0324349403381348,0.931276917457581,0.36286535859108,0.0681742429733276,-0.364272266626358,0.928793847560883,-0.0194418244063854,0.0533866062760353,0.0343388840556145
0.173737049102783,0.173461973667145,0.996754348278046,-0.00762537401169538,-0.0801412314176559,0.0332337096333504,0.945691704750061,0.323361575603485,0.0733231455087662,-0.324975430965424,0.942875742912292,-0.0375692062079906,0.0713626593351364,-0.125758275389671
0.19572502374649,0.195457994937897,0.996209144592285,-0.00975494366139174,-0.0864419043064117,0.0348167046904564,0.955343663692474,0.293438673019409,0.0797192454338074,-0.29533588886261,0.952061712741852,-0.0504464171826839,0.0504882223904133,-0.305888086557388
0.217150032520294,0.216876983642578,0.996210813522339,-0.0172007102519274,-0.0852532684803009,0.0406217947602272,0.95877879858017,0.281234920024872,0.0769015848636627,-0.283632397651672,0.955844581127167,-0.025209927931428,0.00949112232774496,-0.209698051214218
0.2397700548172,0.239522993564606,0.996706366539001,-0.0261241793632507,-0.0767719447612762,0.0465667769312859,0.959426939487457,0.278085440397263,0.0663923174142838,-0.280744582414627,0.957483470439911,0.0175426285713911,-0.0165007282048464,-0.0169580820947886
0.263595044612885,0.262253999710083,0.99751889705658,-0.0321027711033821,-0.0626537427306175,0.0481617003679276,0.96031129360199,0.27474108338356,0.0513471476733685,-0.277076929807663,0.959474802017212,-0.0184185095131397,0.076498880982399,0.0358145013451576
0.283541023731232,0.283293962478638,0.99816232919693,-0.0355679653584957,-0.0490598082542419,0.0474752672016621,0.962143242359161,0.268377423286438,0.0376569256186485,-0.27021336555481,0.962063789367676,-0.0626096129417419,0.0954343304038048,0.0214814860373735
0.319516003131866,0.318943977355957,0.998597502708435,-0.0392509698867798,-0.0355304107069969,0.0470956563949585,0.965148627758026,0.257429838180542,0.024187758564949,-0.258742094039917,0.965643525123596,-0.0573047026991844,0.050490140914917,0.0419374965131283
0.326756000518799,0.326093971729279,0.998825669288635,-0.0408042892813683,-0.0261210985481739,0.0459352657198906,0.968984365463257,0.242815345525742,0.0154030285775661,-0.243730068206787,0.969720780849457,-0.0467814989387989,0.0400565527379513,0.011209431104362
0.34959203004837,0.349003970623016,0.999077379703522,-0.041302103549242,-0.0117672896012664,0.0428862534463406,0.97392326593399,0.222787439823151,0.00225884653627872,-0.223086565732956,0.974795997142792,-0.0494107231497765,0.0407958664000034,-0.0199549533426762
0.371871054172516,0.371627986431122,0.999163448810577,-0.0405195280909538,-0.00553393317386508,0.0407892987132072,0.977644324302673,0.206271082162857,-0.00294778915122151,-0.206324249505997,0.978479206562042,-0.0282542705535889,0.062319677323103,-0.000799330126028508
0.393501043319702,0.393255949020386,0.999221861362457,-0.0392656400799751,-0.00372444535605609,0.039220318198204,0.979174196720123,0.199197471141815,-0.00417473493143916,-0.199188530445099,0.979952275753021,-0.0126813547685742,0.0514618679881096,0.0117210932075977
0.416054010391235,0.415756940841675,0.999302804470062,-0.0373253114521503,0.00085416785441339,0.036488015204668,0.981220543384552,0.18940657377243,-0.00790778640657663,-0.189243346452713,0.981898367404938,-0.0156100653111935,0.0351859927177429,0.0185042098164558
0.438521027565002,0.437642991542816,0.999361395835876,-0.0355905331671238,0.00317913270555437,0.0344111286103725,0.982564866542816,0.182707905769348,-0.00962637551128864,-0.182481825351715,0.983162105083466,-0.0267738699913025,0.0382071658968925,0.0213243328034878
0.459810018539429,0.459580957889557,0.999380648136139,-0.0338869392871857,0.00948905199766159,0.0318055897951126,0.985185921192169,0.168514415621758,-0.0150589179247618,-0.168108239769936,0.985653519630432,-0.0225544050335884,0.0394708290696144,0.0135008050128818
0.483885049819946,0.483123958110809,0.999387085437775,-0.0323162749409676,0.0134589858353138,0.0297856833785772,0.986973524093628,0.158101335167885,-0.0183929093182087,-0.157603546977043,0.98733115196228,-0.0343773178756237,0.0248310640454292,-0.0234568007290363
0.503509044647217,0.5032679438591,0.999402165412903,-0.0314603634178638,0.0143388733267784,0.0288928877562284,0.987745583057404,0.153374761343002,-0.0189883857965469,-0.152868777513504,0.988064050674438,-0.0223890300840139,0.000863169261720031,-0.0276067201048136
0.524919033050537,0.524672985076904,0.999406039714813,-0.0309226810932159,0.0152096338570118,0.0282956697046757,0.988281071186066,0.149999558925629,-0.0196697823703289,-0.149480104446411,0.98856908082962,-0.0116458348929882,0.00469011440873146,-0.0171682387590408
0.547582030296326,0.547271966934204,0.999407172203064,-0.0300684776157141,0.0167683362960815,0.0272899214178324,0.988817155361176,0.146614626049995,-0.0209892988204956,-0.14607010781765,0.989051580429077,-0.00956833362579346,0.000282843102468178,-0.0198595803231001
0.568384051322937,0.568156957626343,0.999425113201141,-0.0291905980557203,0.0172430872917175,0.0263797286897898,0.989032030105591,0.145326197147369,-0.0212961249053478,-0.144787788391113,0.989233553409576,-0.0126183619722724,0.00178677414078265,-0.0162291191518307
0.591939032077789,0.591710984706879,0.999476790428162,-0.0281406063586473,0.0159439332783222,0.0255436729639769,0.989162087440491,0.14458866417408,-0.019839946180582,-0.14410574734211,0.989363372325897,0.000654625240713358,0.00161381775978953,-0.0115674016997218
0.61429500579834,0.614042997360229,0.999529719352722,-0.0267446506768465,0.0150017682462931,0.0243040453642607,0.989240229129791,0.144267469644547,-0.0186987351626158,-0.143835008144379,0.989425003528595,-0.00431585870683193,-0.00288830627687275,-0.0182043854147196
0.635889053344727,0.635657966136932,0.999532520771027,-0.025783609598875,0.0164305400103331,0.0231530666351318,0.989309251308441,0.143983140587807,-0.0199672896414995,-0.143535420298576,0.989443719387054,-0.00406201370060444,0.00413635605946183,-0.03170495480299
0.658013045787811,0.657759964466095,0.999520123004913,-0.0251156948506832,0.0181293785572052,0.0222419910132885,0.989289581775665,0.144261762499809,-0.021558441221714,-0.143789306282997,0.989373445510864,-0.00370594719424844,0.00136321177706122,-0.0307833887636662
0.680191040039062,0.679865956306458,0.99952232837677,-0.0245154686272144,0.0188163239508867,0.0215393304824829,0.989241480827332,0.144697487354279,-0.0221612136811018,-0.144223093986511,0.989297032356262,0.00345072313211858,0.0068953619338572,-0.0141056952998042
0.702108025550842,0.701839983463287,0.999537706375122,-0.0236987713724375,0.0190472360700369,0.0206989590078592,0.989267468452454,0.144642293453217,-0.02227065525949,-0.144181162118912,0.989300668239594,0.00467345537617803,0.00951044913381338,-0.00696092844009399
0.723519027233124,0.723068952560425,0.893664360046387,-0.448323160409927,0.0192459840327501,0.441264539957047,0.88577002286911,0.143864840269089,-0.0815454572439194,-0.120074301958084,0.989410161972046,0.00105750956572592,0.0116474293172359,-0.00788901653140783
0.746628046035767,0.746310949325562,0.894403874874115,-0.446885704994202,0.0183003097772598,0.440062403678894,0.886584162712097,0.142525836825371,-0.0799175277352333,-0.119422383606434,0.989621877670288,0.0115864407271147,0.0143367573618889,-0.000780333473812789
0.767722010612488,0.767381966114044,0.895368099212646,-0.444964170455933,0.0179686136543751,0.438279867172241,0.88763165473938,0.141494631767273,-0.0789095461368561,-0.118814498186111,0.989775955677032,0.00663133477792144,0.00738512864336371,-0.00666876835748553
0.789719045162201,0.789486944675446,0.896246135234833,-0.443179816007614,0.0182890482246876,0.43656387925148,0.88865864276886,0.140348851680756,-0.0784524977207184,-0.117802776396275,0.98993319272995,0.00275560119189322,0.00268406188115478,-0.0120199415832758
0.811716020107269,0.811468958854675,0.897023856639862,-0.441619217395782,0.0179057046771049,0.435198783874512,0.889602184295654,0.138599827885628,-0.0771373063325882,-0.116534814238548,0.99018657207489,0.00783490389585495,0.00171323411632329,-0.0168934930115938
0.832919001579285,0.832688987255096,0.897843897342682,-0.439975500106812,0.0172605495899916,0.433764517307281,0.890545248985291,0.13703116774559,-0.0756616517901421,-0.115545578300953,0.990416347980499,-5.81725144002121e-05,-0.00096932373708114,-0.0120708392933011
0.856152057647705,0.855906963348389,0.898458659648895,-0.438709288835526,0.0174988303333521,0.43256339430809,0.891294777393341,0.135950535535812,-0.0752393826842308,-0.114576578140259,0.990561068058014,-0.00361933163367212,-0.00406411476433277,-0.0105375582352281
0.878650009632111,0.878426969051361,0.898960769176483,-0.437668979167938,0.017759433016181,0.431601643562317,0.891961455345154,0.134628176689148,-0.0747633054852486,-0.113360449671745,0.990737020969391,-0.00717343017458916,0.00132739485707134,-0.0142678562551737
0.900263011455536,0.900030970573425,0.899397790431976,-0.436784207820892,0.017411395907402,0.430820822715759,0.892454385757446,0.133860379457474,-0.074006974697113,-0.112892530858517,0.990847229957581,-0.0126026440411806,-0.00117991422303021,-0.010983819141984
0.922159016132355,0.921693980693817,0.899681448936462,-0.436221092939377,0.0168667621910572,0.430331617593765,0.892706394195557,0.133753538131714,-0.0734031796455383,-0.113077275454998,0.990871071815491,-0.00754730077460408,-0.00424694688990712,-0.00688587548211217
0.946929037570953,0.946198999881744,0.899940133094788,-0.435662925243378,0.0174821391701698,0.429742693901062,0.893059432506561,0.133289322257042,-0.0736818015575409,-0.112439587712288,0.99092298746109,-0.0100752338767052,-0.00202562427148223,-0.0142345009371638
0.966610014438629,0.965880990028381,0.900172472000122,-0.435169905424118,0.0177936609834433,0.429252356290817,0.893363118171692,0.132833614945412,-0.0737013891339302,-0.111935190856457,0.990978598594666,-0.0173015557229519,-0.00506007019430399,-0.0180088095366955
0.989365041255951,0.988622963428497,0.9002525806427,-0.435013294219971,0.0175711773335934,0.42914605140686,0.893462717533112,0.132506757974625,-0.0733413994312286,-0.111748948693275,0.991026341915131,-0.0107338773086667,-0.00351009052246809,-0.00991970207542181
1.01705104112625,1.01632195711136,0.900230169296265,-0.435090720653534,0.0167855285108089,0.429345548152924,0.893436789512634,0.132034286856651,-0.0724437087774277,-0.111654452979565,0.991102993488312,-0.00471410481259227,0.00181578239426017,0.00436290539801121
1.03265702724457,1.03195798397064,0.900192141532898,-0.435181826353073,0.0164586268365383,0.429546743631363,0.893490612506866,0.131011962890625,-0.0717196613550186,-0.110866189002991,0.99124413728714,-0.0012720855884254,0.00315857352688909,0.00496180774644017
1.05616104602814,1.05544799566269,0.900147557258606,-0.435274869203568,0.0164351724088192,0.429770439863205,0.893643617630005,0.129222437739372,-0.0709344744682312,-0.109255909919739,0.991479396820068,0.000535511469934136,0.0114551056176424,-0.00720832124352455
1.08846801519394,1.08275198936462,0.900062561035156,-0.435454189777374,0.0163396671414375,0.430022776126862,0.893651366233826,0.128326460719109,-0.0704822614789009,-0.108475416898727,0.991597354412079,0.00420892983675003,0.00624089036136866,-0.0162609107792377
1.09922903776169,1.09855097532272,0.899937629699707,-0.435729593038559,0.0158747751265764,0.430339008569717,0.893483400344849,0.128435969352722,-0.0701472088694572,-0.108752824366093,0.991590738296509,0.00403395527973771,0.00876129791140556,-0.00830245111137629
1.12648302316666,1.12470895051956,0.899839043617249,-0.435960352420807,0.015107411891222,0.430631101131439,0.893300175666809,0.128730803728104,-0.0696169883012772,-0.109331287443638,0.991564512252808,0.00618101703003049,0.0072403266094625,-0.00309492996893823
1.14475202560425,1.14427399635315,0.89972722530365,-0.436210483312607,0.0145383924245834,0.43092343211174,0.893121302127838,0.128993332386017,-0.0692527964711189,-0.109793871641159,0.991538882255554,0.00724469171836972,0.00666362466290593,-0.000938535435125232
1.17561000585556,1.17382699251175,0.899640023708344,-0.436390966176987,0.0145149547606707,0.431073397397995,0.892983198165894,0.129447847604752,-0.0694514885544777,-0.110199451446533,0.991479992866516,0.00357440463267267,0.00632467633113265,-0.00633800309151411
1.1870990395546,1.18620198965073,0.899554431438446,-0.436565697193146,0.0145665593445301,0.431171894073486,0.892792344093323,0.130432397127151,-0.0699472278356552,-0.111050345003605,0.991350173950195,0.00342764356173575,-7.60345283197239e-05,-0.00446889782324433
1.20972204208374,1.20859795808792,0.899469316005707,-0.4367416203022,0.0145502556115389,0.431331306695938,0.892680168151855,0.130672812461853,-0.0700589865446091,-0.111260205507278,0.991318762302399,0.00464730337262154,0.00381124601699412,0.00190836971160024
1.2302640080452,1.22971296310425,0.899552166461945,-0.436586797237396,0.0140681881457567,0.431248724460602,0.892756223678589,0.130425721406937,-0.0695016086101532,-0.111257843673229,0.991358280181885,0.0124965328723192,0.00191619014367461,-0.00949622225016356
1.252681016922,1.2523889541626,0.899703502655029,-0.436272621154785,0.0141336377710104,0.430890500545502,0.89284759759903,0.130982890725136,-0.0697634369134903,-0.111755721271038,0.991283893585205,-0.00153714045882225,-0.000853035366162658,-0.00134613073896617
1.27466005086899,1.27438199520111,0.899764895439148,-0.436115145683289,0.0150557886809111,0.430609285831451,0.892938017845154,0.131291091442108,-0.07070192694664,-0.111647956073284,0.99122953414917,-0.00337683036923409,0.00323934201151133,0.00473355269059539
1.29680705070496,1.29654598236084,0.899832844734192,-0.435931742191315,0.0162605214864016,0.430324137210846,0.893138945102692,0.130858570337296,-0.0715683102607727,-0.110753536224365,0.991267681121826,-0.00655136862769723,0.00692668231204152,-0.00322388857603073
1.31902605295181,1.3184329867363,0.899950802326202,-0.435661911964417,0.0169491581618786,0.43002587556839,0.893374800682068,0.130227744579315,-0.0718772262334824,-0.109909981489182,0.991339206695557,-0.00105621432885528,0.0121857533231378,-0.000100593977549579
1.33951503038406,1.33926099538803,0.900142908096313,-0.435245960950851,0.0174267720431089,0.429591804742813,0.893646359443665,0.129796221852303,-0.0720666497945786,-0.109348744153976,0.991387546062469,-0.00599546730518341,0.00792427454143763,0.00296895741485059
1.36310005187988,1.36245495080948,0.900188744068146,-0.435088574886322,0.0189232230186462,0.429279565811157,0.893810927867889,0.129696175456047,-0.0733431130647659,-0.108627691864967,0.991373181343079,-0.0063911103643477,0.00339918653480709,-0.0179957021027803
1.38346600532532,1.38316398859024,0.900251865386963,-0.434929430484772,0.0195708721876144,0.428995549678802,0.893839001655579,0.13044036924839,-0.0742255672812462,-0.109033368527889,0.991262972354889,-0.00462956493720412,0.00315155601128936,-0.00867598783224821
1.40708804130554,1.40652894973755,0.90043580532074,-0.434557646512985,0.0193642377853394,0.428595513105392,0.893926203250885,0.131155729293823,-0.0743049308657646,-0.109797894954681,0.991172611713409,-0.00544655276462436,0.00202060351148248,0.0052717593498528
1.42864000797272,1.42838597297668,0.900581777095795,-0.434252023696899,0.0194321721792221,0.428251504898071,0.894026279449463,0.13159641623497,-0.0745188817381859,-0.110191471874714,0.991112887859344,-0.00626362860202789,-0.00440517766401172,0.00652427412569523
1.450355052948,1.45006996393204,0.900568306446075,-0.434237271547318,0.0203646924346685,0.428098171949387,0.894030034542084,0.132069081068039,-0.0755559653043747,-0.11021913588047,0.991031289100647,-0.00359160592779517,-0.00260499329306185,0.00134624110069126
1.47228401899338,1.47202497720718,0.900526165962219,-0.434285700321198,0.0211785305291414,0.428039252758026,0.894025146961212,0.132292822003365,-0.0763870254158974,-0.110067911446095,0.990984380245209,-0.00088567694183439,0.000762067851610482,-0.00932077784091234
1.4953750371933,1.49510097503662,0.900532960891724,-0.434255838394165,0.0215008817613125,0.427933156490326,0.893997609615326,0.132821038365364,-0.0769000500440598,-0.110408775508404,0.990906774997711,0.000626858149189502,-0.00289063830859959,-0.0130757447332144
1.51687902212143,1.51661497354507,0.90049934387207,-0.434320777654648,0.0215975847095251,0.427943557500839,0.893909692764282,0.133378311991692,-0.0772352665662766,-0.110864534974098,0.990829825401306,0.00108977372292429,-0.0035540487151593,-0.0121914027258754
1.53839004039764,1.53809297084808,0.90042507648468,-0.434464633464813,0.0217984486371279,0.428023338317871,0.89379358291626,0.133899226784706,-0.0776577964425087,-0.111235976219177,0.990755200386047,0.00194676301907748,0.000537407933734357,-0.0219859089702368
1.56102800369263,1.56069296598434,0.900401592254639,-0.434525072574615,0.0215623900294304,0.428033828735352,0.893643140792847,0.134866297245026,-0.0778718739748001,-0.112204387784004,0.990629136562347,0.000474742148071527,0.00264888815581799,-0.0156116783618927
1.58137202262878,1.58103597164154,0.900434374809265,-0.434460133314133,0.0215010233223438,0.427849858999252,0.893488049507141,0.136468440294266,-0.0785010010004044,-0.113681674003601,0.990411043167114,-0.00900129601359367,-0.0031494777649641,0.00348784308880568
1.60479801893234,1.6043409705162,0.90034282207489,-0.434647172689438,0.0215559750795364,0.427951127290726,0.893289089202881,0.137449786067009,-0.0789978876709938,-0.114527024328709,0.990274131298065,-0.00757305370643735,-0.000672757334541529,0.00805063918232918
1.62690502405167,1.62645298242569,0.90022748708725,-0.434885203838348,0.0215719919651747,0.428140580654144,0.893111765384674,0.13801084458828,-0.0792850703001022,-0.115005306899548,0.990195751190186,-0.00745022529736161,-0.00269045471213758,0.00138045928906649
1.64813303947449,1.64765298366547,0.900075316429138,-0.435171633958817,0.0221372582018375,0.428278058767319,0.892889142036438,0.139021024107933,-0.0802641212940216,-0.115648493170738,0.990041971206665,-0.00561847817152739,-0.00729551119729877,-0.00792861357331276
1.67185705900192,1.67130899429321,0.899902820587158,-0.43550369143486,0.0226151831448078,0.428446739912033,0.892606735229492,0.140308737754822,-0.0812914371490479,-0.116574823856354,0.989849507808685,-0.00611711386591196,-0.00162852194625884,-0.00313146761618555
1.69381403923035,1.69332897663116,0.89972984790802,-0.435854613780975,0.0227364543825388,0.428677916526794,0.892299234867096,0.141553342342377,-0.0819844007492065,-0.117613144218922,0.989669501781464,-0.00561437662690878,-0.00477844756096601,-0.000152894906932488
1.73272502422333,1.73157697916031,0.899493873119354,-0.436329424381256,0.0229648351669312,0.429033696651459,0.891959667205811,0.142611443996429,-0.0827092751860619,-0.11842542886734,0.989512324333191,-0.0101925143972039,-0.00321680610068142,-0.00272097601555288
1.73767304420471,1.73711895942688,0.899165153503418,-0.437009572982788,0.0229042954742908,0.429625511169434,0.891502797603607,0.143682673573494,-0.0832099467515945,-0.11935418099165,0.989358723163605,-0.00462255999445915,-0.000436590693425387,0.00170308304950595
1.75951701402664,1.75904494524002,0.898869931697845,-0.437634766101837,0.0225531812757254,0.43023008108139,0.891100943088531,0.14436474442482,-0.0832761973142624,-0.120062060654163,0.989267468452454,0.00154182896949351,0.00492993323132396,0.00603690231218934
1.78245902061462,1.78085798025131,0.898585081100464,-0.438216090202332,0.0226148143410683,0.430777847766876,0.890795648097992,0.144615143537521,-0.0835178643465042,-0.120207048952579,0.989229500293732,-0.00111260591074824,0.00492092221975327,-0.00155417714267969
1.80293703079224,1.80240797996521,0.898347079753876,-0.438704043626785,0.0226120669394732,0.431266218423843,0.890567660331726,0.14456370472908,-0.0835582613945007,-0.12011656165123,0.989237070083618,-0.00419762637466192,0.00323679647408426,-0.000753139378502965
1.82629704475403,1.82537394762039,0.8981773853302,-0.439058303833008,0.0224763825535774,0.431657493114471,0.890423715114594,0.144282460212708,-0.08336191624403,-0.119889140129089,0.989281237125397,-0.00704937474802136,0.00130759400781244,-0.00107519770972431
1.84690403938293,1.84637296199799,0.8979611992836,-0.439520567655563,0.0220752060413361,0.43217745423317,0.890197515487671,0.144121617078781,-0.0829957127571106,-0.119875214993954,0.989313721656799,-0.00160643400158733,0.00125358067452908,0.00460302969440818
1.86928105354309,1.86880397796631,0.897752344608307,-0.439964473247528,0.0217242892831564,0.432677805423737,0.889989495277405,0.143905028700829,-0.0826474949717522,-0.119791463017464,0.989353001117706,0.00120121799409389,0.000243535163463093,0.000903922016732395
1.89128005504608,1.89078295230865,0.89764416217804,-0.440207362174988,0.0212708953768015,0.432979583740234,0.88985538482666,0.143826544284821,-0.0822415351867676,-0.119895190000534,0.989374279975891,0.00259413802996278,-0.0032529179006815,-0.00102793867699802
1.91330301761627,1.91279894113541,0.89765077829361,-0.440195262432098,0.0212405044585466,0.43292897939682,0.889797806739807,0.144334077835083,-0.0824349373579025,-0.120365977287292,0.989301025867462,-4.55083063570783e-05,-0.00598025042563677,0.000531491416040808
1.93597805500031,1.93499797582626,0.897663056850433,-0.440166413784027,0.0213198717683554,0.432841598987579,0.889744579792023,0.144923105835915,-0.0827595219016075,-0.120863988995552,0.989213228225708,-0.00605439441278577,-0.0068408134393394,0.0113231865689158
1.95618003606796,1.95566695928574,0.897501170635223,-0.440483212471008,0.0215920209884644,0.433143317699432,0.88963782787323,0.144676923751831,-0.0829368382692337,-0.12049525976181,0.98924332857132,-0.00327980588190258,-0.00698017701506615,0.0123756565153599
1.9799730181694,1.9795149564743,0.897395014762878,-0.440707892179489,0.0214182324707508,0.43348827958107,0.889666259288788,0.14346370100975,-0.0822806656360626,-0.119459062814713,0.989423811435699,0.0115457959473133,0.00567682925611734,-0.0153979919850826
2.00007003545761,1.99957394599915,0.897480607032776,-0.440554708242416,0.02097805775702,0.433437198400497,0.889784753322601,0.142882138490677,-0.0816133618354797,-0.119141280651093,0.989517390727997,0.00924405176192522,0.00479009794071317,-0.0124967955052853
2.02508103847504,2.02356296777725,0.897635579109192,-0.44025707244873,0.0205930937081575,0.43318510055542,0.889901638031006,0.142918527126312,-0.0812467262148857,-0.119368135929108,0.989520192146301,0.000176832545548677,0.00327009428292513,-0.00321662100031972
2.04658204317093,2.04587799310684,0.897756040096283,-0.440036624670029,0.0200466867536306,0.433034628629684,0.889980137348175,0.142885908484459,-0.08071618527174,-0.119595780968666,0.989536106586456,0.00280425441451371,0.000109420201624744,3.41738013958093e-05
2.06940305233002,2.06870299577713,0.897898375988007,-0.439775764942169,0.0193846188485622,0.43285346031189,0.890064239501953,0.142911076545715,-0.0801023840904236,-0.119928926229477,0.989545702934265,0.00282883387990296,-0.00598418666049838,-0.00508322287350893
2.09003502130508,2.08954697847366,0.898101329803467,-0.439374685287476,0.0190760511904955,0.432448267936707,0.890172123908997,0.143464595079422,-0.0800156891345978,-0.120596341788769,0.989471554756165,0.000261963956290856,-0.0102982157841325,-0.00361618655733764
2.11216902732849,2.11166995763779,0.898304283618927,-0.438964605331421,0.0189601480960846,0.431995034217834,0.8902707695961,0.144216105341911,-0.0801854282617569,-0.121359251439571,0.989364564418793,-0.00305828335694969,-0.00786825083196163,0.0027312571182847
2.13469702005386,2.13420397043228,0.898462176322937,-0.438645720481873,0.0188597030937672,0.431644260883331,0.890346825122833,0.144795790314674,-0.0803057253360748,-0.121952846646309,0.989281833171844,0.000625450105872005,-0.00446568941697478,0.00481525296345353
2.15701603889465,2.15655499696732,0.898553431034088,-0.438445061445236,0.0191755220293999,0.431353896856308,0.890381753444672,0.145444601774216,-0.0808430090546608,-0.122418306767941,0.989180564880371,-0.00537586910650134,0.00231716735288501,0.0102224219590425
2.17719203233719,2.17682999372482,0.898644506931305,-0.43825101852417,0.019340580329299,0.431133151054382,0.890472233295441,0.145545065402985,-0.0810075253248215,-0.122454911470413,0.989162564277649,-0.00366967427544296,0.00726992078125477,0.00869381241500378
2.19887804985046,2.19851797819138,0.89865642786026,-0.4382204413414,0.0194810535758734,0.431083917617798,0.890492677688599,0.145565763115883,-0.081137627363205,-0.122415639460087,0.989156782627106,-0.00270522804930806,0.00779416039586067,0.00696376664564013
2.22450304031372,2.22412496805191,0.898634612560272,-0.438285738229752,0.0190127566456795,0.431229382753372,0.890468955039978,0.14528001844883,-0.0806044340133667,-0.122354790568352,0.989207863807678,0.0027926666662097,0.00627245614305139,0.0066028987057507
2.24469202756882,2.24431198835373,0.898674249649048,-0.438245177268982,0.0180481858551502,0.431356012821198,0.89050555229187,0.144678518176079,-0.0794766694307327,-0.122233673930168,0.989314079284668,0.00440682703629136,0.00408404041081667,-0.00435350323095918
2.26658201217651,2.26630598306656,0.898830890655518,-0.437967419624329,0.0169567782431841,0.431205928325653,0.890560269355774,0.144789144396782,-0.078513965010643,-0.122829094529152,0.989317238330841,0.00256774085573852,0.00204317178577185,-0.00753946509212255
2.28736400604248,2.2868749499321,0.899060666561127,-0.437514692544937,0.0164555627852678,0.430751591920853,0.89064085483551,0.145643293857574,-0.0783770754933357,-0.123853892087936,0.989200294017792,0.00130358524620533,0.00140194548293948,0.00711412634700537
2.3094710111618,2.30923098325729,0.899332821369171,-0.436973184347153,0.0159641113132238,0.430216580629349,0.890775561332703,0.146398648619652,-0.078192725777626,-0.124793089926243,0.989096879959106,-0.00307885743677616,-0.00187100376933813,0.0145027358084917
2.33142602443695,2.33120399713516,0.899596989154816,-0.436440229415894,0.0156599506735802,0.429703593254089,0.890974819660187,0.146692276000977,-0.0779750272631645,-0.12523478269577,0.989058196544647,-0.0045426869764924,-0.00284386985003948,0.0145709067583084
2.35292202234268,2.35242998600006,0.899779319763184,-0.436064511537552,0.0156493168324232,0.429376572370529,0.891223788261414,0.146136432886124,-0.0776719599962234,-0.12477108836174,0.989140629768372,-3.67172397091053e-05,-0.0049408320337534,0.00418582325801253
2.37550300359726,2.37527394294739,0.899973213672638,-0.435669451951981,0.0155037436634302,0.42905792593956,0.891491174697876,0.145439758896828,-0.0771851167082787,-0.124239876866341,0.989245653152466,-0.000243322938331403,-0.00676666479557753,-0.0189483426511288
2.39782404899597,2.39758497476578,0.900232255458832,-0.4351527094841,0.0149672701954842,0.428620398044586,0.891717553138733,0.145342290401459,-0.0765926688909531,-0.124426543712616,0.989268243312836,-0.00236671511083841,-0.00602489989250898,-0.0175524652004242
2.41957402229309,2.41934496164322,0.900442779064178,-0.434723883867264,0.0147623308002949,0.428222864866257,0.89191210269928,0.145320430397987,-0.0763409584760666,-0.124531164765358,0.989274501800537,-0.00539452861994505,-0.00653503509238362,-0.0155777912586927
2.44123804569244,2.44098395109177,0.900652527809143,-0.434303760528564,0.0143260601907969,0.427861511707306,0.892086148262024,0.145316332578659,-0.0758915171027184,-0.124749958515167,0.989281535148621,-0.00428966386243701,-0.00560834258794785,-0.0144721427932382
2.46237802505493,2.46212297677994,0.900923550128937,-0.433773279190063,0.0133239049464464,0.427408933639526,0.892189979553223,0.146009013056755,-0.0752222612500191,-0.125848188996315,0.989193558692932,-0.00246894243173301,-0.00450368924066424,0.00364360492676497
2.48519200086594,2.48493599891663,0.901092290878296,-0.433429390192032,0.0131002776324749,0.427029758691788,0.892227232456207,0.146888107061386,-0.0753540545701981,-0.126765549182892,0.989066362380981,-0.00942169688642025,-0.00196137093007565,0.0205604992806911
2.5077840089798,2.50750797986984,0.901101350784302,-0.433411598205566,0.0130675043910742,0.427012503147125,0.892227292060852,0.146937966346741,-0.0753438100218773,-0.126826018095016,0.989059388637543,-0.00493786809965968,0.00419200398027897,0.0122985225170851
2.52982002496719,2.52952194213867,0.901135444641113,-0.433341652154922,0.0130372047424316,0.42698946595192,0.8923299908638,0.146380409598351,-0.0750662237405777,-0.126341834664345,0.98914247751236,-0.00184011552482843,0.00326824281364679,-0.00638671731576324
2.5522780418396,2.55192899703979,0.901188015937805,-0.433235049247742,0.0129449870437384,0.42693305015564,0.892437934875488,0.14588575065136,-0.074755422770977,-0.12594385445118,0.98921674489975,-0.00599116832017899,0.00318556185811758,-0.00922685675323009
2.57392805814743,2.57358998060226,0.901202619075775,-0.433225065469742,0.0122442916035652,0.427023380994797,0.892420530319214,0.1457279920578,-0.0740600749850273,-0.126101851463318,0.989248931407928,-0.000542574445717037,-0.00212967139668763,0.00446193385869265
2.59649300575256,2.59581899642944,0.901236653327942,-0.433168053627014,0.0117455888539553,0.427022814750671,0.892405152320862,0.145823866128922,-0.073648065328598,-0.126406162977219,0.989240825176239,-0.00349793909117579,-0.00311717856675386,0.00671215448528528
2.61720901727676,2.61671495437622,0.901248633861542,-0.433136761188507,0.0119759328663349,0.426943004131317,0.89240026473999,0.146087020635605,-0.0739629864692688,-0.126547694206238,0.989199221134186,-0.0147574627771974,-0.00941528845578432,0.00534304836764932
2.64219200611115,2.64122599363327,0.901180982589722,-0.433282107114792,0.0118113458156586,0.427098482847214,0.892305493354797,0.146211534738541,-0.0738901719450951,-0.126718431711197,0.989182829856873,-0.0183095056563616,-0.0122357327491045,0.00514352740719914
2.66141003370285,2.66095596551895,0.901056289672852,-0.433543235063553,0.0117418188601732,0.427353948354721,0.892156958580017,0.146371334791183,-0.0739338546991348,-0.126870900392532,0.989160001277924,-0.0236433129757643,-0.0174012444913387,0.00367113598622382
2.68596601486206,2.68548899888992,0.900816202163696,-0.434023052453995,0.0124148260802031,0.427700072526932,0.891896188259125,0.146948307752609,-0.0748516842722893,-0.127063602209091,0.989066243171692,-0.0356961376965046,-0.021035710349679,0.0126563487574458
2.70883905887604,2.70615494251251,0.9002565741539,-0.435180962085724,0.0124741122126579,0.42883163690567,0.891336739063263,0.147045090794563,-0.0751098617911339,-0.12702901661396,0.989051103591919,-0.0376357510685921,-0.0182533729821444,0.00868919119238853
2.72977203130722,2.72870498895645,0.899657964706421,-0.436420023441315,0.0123742260038853,0.430090010166168,0.890771210193634,0.146796360611916,-0.0750874876976013,-0.126744493842125,0.98908931016922,-0.0238043665885925,-0.0119865816086531,-0.00117556320037693
2.75135505199432,2.75066596269608,0.899333477020264,-0.437097907066345,0.0120283626019955,0.430783152580261,0.890388429164886,0.147085964679718,-0.0750008821487427,-0.127097725868225,0.989050567150116,-0.0248979069292545,-0.0154506536200643,0.00321072922088206
2.77214699983597,2.7714369893074,0.899166405200958,-0.437451332807541,0.0116661638021469,0.431089848279953,0.890044510364532,0.148264244198799,-0.0752418041229248,-0.128285065293312,0.988878965377808,-0.0261908881366253,-0.0193535480648279,0.0206325072795153
2.79624700546265,2.79379999637604,0.898966491222382,-0.43783575296402,0.0126137658953667,0.431187927722931,0.889648377895355,0.150342017412186,-0.0770469307899475,-0.129713535308838,0.988553583621979,-0.0325827673077583,-0.0285978000611067,0.0389380939304829
2.81734603643417,2.81659799814224,0.89858204126358,-0.438573956489563,0.0142563246190548,0.431652784347534,0.889310121536255,0.151007726788521,-0.0789063572883606,-0.129539057612419,0.98842978477478,-0.0359145738184452,-0.0305871162563562,0.014629116281867
2.83991700410843,2.83850294351578,0.898106157779694,-0.439497768878937,0.0157163441181183,0.432347238063812,0.888907849788666,0.151389330625534,-0.0805056542158127,-0.129168778657913,0.988349258899689,-0.0246278923004866,-0.0310295019298792,-0.0182883087545633
2.86124002933502,2.86056298017502,0.897866427898407,-0.439970880746841,0.0161715708673,0.432654649019241,0.888545989990234,0.152630120515823,-0.0815220028162003,-0.130044758319855,0.988151073455811,-0.00989043805748224,-0.0308262947946787,-0.0211415383964777
2.88327604532242,2.88258695602417,0.897889018058777,-0.439913600683212,0.016471054404974,0.432339161634445,0.888242661952972,0.155267000198364,-0.0829343646764755,-0.132291465997696,0.987735211849213,-0.00666126981377602,-0.0331027507781982,0.0120577281340957
2.90561503171921,2.90460699796677,0.898029029369354,-0.439609289169312,0.0169574022293091,0.431790113449097,0.888128757476807,0.157431349158287,-0.084268644452095,-0.134055867791176,0.98738431930542,-0.00501525588333607,-0.0335934422910213,0.0243868958204985
2.92742103338242,2.92672997713089,0.898220419883728,-0.439179331064224,0.0179309546947479,0.43107333779335,0.888145387172699,0.159290671348572,-0.0858824700117111,-0.135348588228226,0.987068891525269,-0.00700190896168351,-0.0351520739495754,0.0134818367660046
2.94984304904938,2.94911599159241,0.898415923118591,-0.438714355230331,0.0194567069411278,0.430260688066483,0.88824188709259,0.160941243171692,-0.0878894999623299,-0.136220723390579,0.986772179603577,-0.0047589922323823,-0.0428551323711872,0.00108493107836694
2.97007703781128,2.96935999393463,0.898571252822876,-0.43834462761879,0.0205850303173065,0.42963382601738,0.888328731060028,0.162132263183594,-0.0893560796976089,-0.136843353509903,0.986554324626923,0.00207611988298595,-0.0400161780416965,-0.00519069563597441
2.99524903297424,2.99404096603394,0.89886075258255,-0.437758058309555,0.0204253457486629,0.428923696279526,0.888364136219025,0.163809716701508,-0.0898541659116745,-0.138481199741364,0.986280500888824,0.0166259072721004,-0.0318079553544521,0.0090618496760726
3.01536804437637,3.01467394828796,0.899474620819092,-0.436570137739182,0.0187587253749371,0.427748948335648,0.888449907302856,0.166395947337151,-0.0893096923828125,-0.141644909977913,0.985880553722382,0.0264796707779169,-0.0382549352943897,0.0542857199907303
3.03703504800797,3.03616696596146,0.900305986404419,-0.434923410415649,0.0170506797730923,0.42621898651123,0.888875424861908,0.168041363358498,-0.0882410556077957,-0.144021317362785,0.985632479190826,0.0211400352418423,-0.0489386171102524,0.114386133849621
3.06000202894211,3.05931895971298,0.901041388511658,-0.433447778224945,0.0157315880060196,0.424858331680298,0.889323592185974,0.169112175703049,-0.0872917696833611,-0.145693361759186,0.985471248626709,0.0269010215997696,-0.0626688376069069,0.157529354095459
3.08171904087067,3.08093696832657,0.901385128498077,-0.432730704545975,0.0157794095575809,0.424234062433243,0.889815747737885,0.168087497353554,-0.08677738904953,-0.144817396998405,0.985645771026611,0.0228594914078712,-0.0831789821386337,0.14175845682621
3.11041504144669,3.10966098308563,0.901021420955658,-0.433373332023621,0.0186530277132988,0.424901127815247,0.890426695346832,0.163092955946922,-0.0872892960906029,-0.139024540781975,0.98643434047699,0.0152808343991637,-0.0998464971780777,0.0393518432974815
3.12487500905991,3.12438595294952,0.900006353855133,-0.43537038564682,0.0210035033524036,0.427004456520081,0.890335500240326,0.158018693327904,-0.087496817111969,-0.13324923813343,0.987212717533112,0.0133130755275488,-0.0947278887033463,-0.0415195859968662
3.14766001701355,3.14614796638489,0.898816168308258,-0.437900632619858,0.019300177693367,0.430180877447128,0.889707863330841,0.152854114770889,-0.0841064378619194,-0.129085183143616,0.988060295581818,0.051160529255867,-0.0883873403072357,-0.0512005798518658
3.1683070063591,3.1677839756012,0.89796769618988,-0.439860880374908,0.0132841728627682,0.433081984519958,0.888678073883057,0.150636181235313,-0.0780643075704575,-0.129513278603554,0.988499999046326,0.0796751603484154,-0.0757126957178116,-0.00815831404179335
3.19101005792618,3.19050997495651,0.8972128033638,-0.441525310277939,0.00803405046463013,0.435551732778549,0.887781500816345,0.148790866136551,-0.0728274136781693,-0.129997819662094,0.988836050033569,0.0869219899177551,-0.0669073835015297,-0.00234436988830566
3.21473300457001,3.21417796611786,0.896863877773285,-0.442261636257172,0.00630884245038033,0.43674248456955,0.887746751308441,0.145470529794693,-0.0699366927146912,-0.127711921930313,0.989342451095581,0.0834420174360275,-0.068823903799057,-0.0436165146529675
3.23292303085327,3.23255497217178,0.897268354892731,-0.44147914648056,0.00238883495330811,0.436500430107117,0.887934446334839,0.145051062107086,-0.0661581456661224,-0.129106998443604,0.989421308040619,0.0566948652267456,-0.0871877074241638,-0.0494581088423729
3.25669705867767,3.255774974823,0.897967398166656,-0.440049201250076,-0.00335902534425259,0.435763090848923,0.888105034828186,0.146218940615654,-0.0613603591918945,-0.132763579487801,0.989246547222137,0.0195444151759148,-0.110967941582203,0.0162851233035326
3.27894103527069,3.27769196033478,0.898438692092896,-0.438966244459152,-0.0107951499521732,0.435431212186813,0.887493848800659,0.150845482945442,-0.0566354505717754,-0.14022596180439,0.988498389720917,0.0113300960510969,-0.132327124476433,0.0867039784789085
3.3016100525856,3.30126696825027,0.898537874221802,-0.438590377569199,-0.0163757838308811,0.435845762491226,0.887280702590942,0.150902092456818,-0.0516542978584766,-0.142728567123413,0.988413095474243,0.0355041027069092,-0.132102653384209,0.109445780515671
3.32244801521301,3.32211494445801,0.898757100105286,-0.437947362661362,-0.0209241062402725,0.435793727636337,0.887058258056641,0.152353167533875,-0.0481617748737335,-0.146047085523605,0.988104581832886,0.05062435567379,-0.126531720161438,0.0858371406793594
3.34442800283432,3.34404599666595,0.899128437042236,-0.437129318714142,-0.0220454204827547,0.435239374637604,0.88765275478363,0.150463566184044,-0.0462033599615097,-0.14488111436367,0.988369703292847,0.0299412719905376,-0.133639827370644,0.0653960928320885
3.36668699979782,3.36632895469666,0.899179339408875,-0.437049597501755,-0.0215439777821302,0.435043126344681,0.887587368488312,0.151413649320602,-0.0470531135797501,-0.145520597696304,0.988235652446747,0.000672819674946368,-0.138304978609085,0.0480653941631317
3.38903003931046,3.38829094171524,0.898664534091949,-0.438169211149216,-0.0202421247959137,0.435987085103989,0.88722026348114,0.150848954916,-0.0481381490826607,-0.144387900829315,0.988349556922913,0.00168475473765284,-0.136214643716812,-0.0130237340927124
3.41028201580048,3.40993994474411,0.897694051265717,-0.440229922533035,-0.0185203906148672,0.437955528497696,0.886863589286804,0.147200331091881,-0.0483769327402115,-0.140251979231834,0.988933265209198,-0.00303272088058293,-0.133439302444458,-0.0523722507059574
