timestamp,ts,m11,m12,m13,m21,m22,m23,m31,m32,m33,ax,ay,az
0.0930550098419189,0.0925039649009705,0.999983072280884,-0.00369768356904387,0.00449572550132871,0.00371745834127069,0.999983429908752,-0.00439821602776647,-0.00447938730940223,0.00441485410556197,0.999980211257935,0.0,0.0,0.0
0.115015983581543,0.114381015300751,0.985679864883423,0.0150591721758246,-0.167953744530678,0.036576084792614,0.953199148178101,0.300122529268265,0.164612963795662,-0.301967829465866,0.938998401165009,-0.00274684489704669,0.0230839401483536,0.0383026078343391
0.135083019733429,0.134845972061157,0.987562775611877,-0.000590834766626358,-0.157223984599113,0.0441852137446404,0.960734724998474,0.27392789721489,0.150888696312904,-0.277467995882034,0.948811948299408,-0.032697007060051,0.0391409248113632,-0.00747161824256182
0.158867001533508,0.158178985118866,0.9886354804039,-0.0135589838027954,-0.149720028042793,0.0513405352830887,0.966498553752899,0.251484930515289,0.141294315457344,-0.256313621997833,0.956210851669312,-0.0702675133943558,-0.00455752480775118,-0.0770532861351967
0.18063098192215,0.180375993251801,0.989322781562805,-0.0277545209974051,-0.143073812127113,0.0617096573114395,0.969128310680389,0.238709524273872,0.132031604647636,-0.244989797472954,0.960493445396423,-0.130363240838051,-0.0183705613017082,-0.0757919549942017
0.202684998512268,0.202416002750397,0.990428864955902,-0.0443050786852837,-0.130719929933548,0.074236661195755,0.96942150592804,0.233903437852859,0.11635959893465,-0.241368919610977,0.963432133197784,-0.116697087883949,-0.0686936154961586,-0.0960618779063225
0.224363029003143,0.223989963531494,0.991629838943481,-0.0614590272307396,-0.113547720015049,0.0871786996722221,0.967413246631622,0.237721368670464,0.0952374413609505,-0.245630547404289,0.964673757553101,-0.0904611647129059,-0.0225478019565344,-0.0420553609728813
0.245329976081848,0.24509596824646,0.993213415145874,-0.0647129490971565,-0.0966403856873512,0.086385615170002,0.966818988323212,0.240413397550583,0.077875904738903,-0.247130155563354,0.965847849845886,-0.0864932984113693,0.0757252871990204,0.0430420450866222
0.269198000431061,0.26896196603775,0.995168268680573,-0.0570602864027023,-0.0799012780189514,0.0746705234050751,0.968253910541534,0.238555505871773,0.063752681016922,-0.243369147181511,0.967836260795593,-0.105063021183014,0.05891377851367,-0.063734158873558
0.291078984737396,0.290309965610504,0.996527552604675,-0.0494563989341259,-0.0669842511415482,0.0642381906509399,0.968494594097137,0.240606844425201,0.0529743395745754,-0.244074285030365,0.968308568000793,-0.136320188641548,-0.0083097917959094,0.0157786495983601
0.325589001178741,0.325314998626709,0.997575402259827,-0.0445213988423347,-0.0534895658493042,0.0562658309936523,0.96829080581665,0.243407279253006,0.040956623852253,-0.245826750993729,0.968448102474213,-0.10387409478426,-0.0270394962280989,0.0672182589769363
0.333387017250061,0.333135962486267,0.998526811599731,-0.0390481874346733,-0.0376762486994267,0.0471987873315811,0.967589676380157,0.248077645897865,0.0267681665718555,-0.249490454792976,0.968007206916809,-0.104128271341324,-0.0156247485429049,-0.0291241258382797
0.355180025100708,0.354816973209381,0.999145984649658,-0.0349901914596558,-0.0219782199710608,0.0394404605031013,0.966197729110718,0.254767209291458,0.0123209524899721,-0.255416482686996,0.966752588748932,-0.14212591946125,0.0430515296757221,0.026780690997839
0.378452003002167,0.378188014030457,0.999404788017273,-0.0296084396541119,-0.0177031792700291,0.0331520326435566,0.966233372688293,0.255526959896088,0.0095396488904953,-0.255961775779724,0.966639816761017,-0.106341481208801,0.0700106024742126,0.083613708615303
0.400429010391235,0.400173962116241,0.999555706977844,-0.0213815215975046,-0.0207665227353573,0.0258998032659292,0.967873930931091,0.250098586082458,0.0147518860176206,-0.250525295734406,0.967997670173645,-0.13455131649971,-0.0155874537304044,0.00959310960024595
0.423363983631134,0.422639012336731,0.999841213226318,-0.0124611835926771,-0.0127391153946519,0.0152047984302044,0.969367444515228,0.245144084095955,0.00929409731179476,-0.245298847556114,0.969402968883514,-0.15202134847641,-0.0446355901658535,0.000317266589263454
0.44529801607132,0.444956004619598,0.999847710132599,-0.00608775299042463,-0.0163567662239075,0.00979057792574167,0.971484541893005,0.236900687217712,0.0144481528550386,-0.237024754285812,0.971396148204803,-0.167357742786407,-0.0354229211807251,-0.00632599741220474
0.467096984386444,0.466756999492645,0.999936044216156,-0.00408162083476782,-0.01055006403476,0.00641874596476555,0.972680926322937,0.232057377696037,0.00931467581540346,-0.232110247015953,0.972644865512848,-0.0734925717115402,0.0449083335697651,0.00345237809233367
0.490106999874115,0.489620983600616,0.999978184700012,0.00256668776273727,-0.00608190288767219,-0.00107353134080768,0.97228080034256,0.233813881874084,0.00651344424113631,-0.233802258968353,0.972262322902679,-0.0845578536391258,-0.00674092303961515,-0.052044901996851
0.510865986347198,0.510518014431,0.9999138712883,0.00837848708033562,-0.0101019646972418,-0.00572482403367758,0.971066772937775,0.238739594817162,0.0118099581450224,-0.238661214709282,0.971031069755554,-0.129227325320244,-0.0736383274197578,-0.0245743915438652
0.534354984760284,0.532590985298157,0.999924063682556,0.0102076660841703,-0.0069027952849865,-0.00823495723307133,0.970265328884125,0.24190366268158,0.00916681438684464,-0.241828441619873,0.970275700092316,-0.0701199546456337,-0.0196472406387329,-0.0283052138984203
0.556294977664948,0.554629981517792,0.999807775020599,0.0107584493234754,-0.0163927227258682,-0.00651850271970034,0.970851182937622,0.239594385027885,0.0184925571084023,-0.239441469311714,0.970734655857086,-0.00954152457416058,0.0179452206939459,-0.0455464534461498
0.577219009399414,0.576696991920471,0.999606251716614,0.0113257532939315,-0.0256720054894686,-0.00488298665732145,0.971173822879791,0.23832231760025,0.0276311617344618,-0.238103121519089,0.970846772193909,-0.0313635356724262,-0.0203599333763123,-0.0778287798166275
0.598919034004211,0.59868597984314,0.999460756778717,0.0107697024941444,-0.0310188177973032,-0.00301350653171539,0.970779299736023,0.239955097436905,0.0326966717839241,-0.23973223567009,0.970288276672363,-0.0227180346846581,0.0105849718675017,-0.0491208769381046
0.620607018470764,0.620344996452332,0.999271035194397,0.0107415048405528,-0.0366340763866901,-0.00156057253479958,0.970291912555695,0.241932108998299,0.0381444655358791,-0.241698578000069,0.969601333141327,-0.0296913310885429,0.00307103479281068,-0.00581673253327608
0.642629981040955,0.64239501953125,0.999086678028107,0.0103141134604812,-0.0414653047919273,8.00397247076035e-05,0.969975888729095,0.243201076984406,0.0427287518978119,-0.242982268333435,0.969089210033417,-0.0611644051969051,0.000403226789785549,-0.0193446446210146
0.664507031440735,0.664277970790863,0.998887777328491,0.00883699953556061,-0.0463153533637524,0.00280802021734416,0.969387292861938,0.24552059173584,0.0470671840012074,-0.245377570390701,0.96828430891037,-0.0571033172309399,0.0159978847950697,-0.0374377220869064
0.687119007110596,0.68683797121048,0.998692512512207,0.00849713291972876,-0.0504092313349247,0.00424426142126322,0.968902289867401,0.247407123446465,0.0509438700973988,-0.24729759991169,0.967599391937256,0.00650605279952288,0.0337077975273132,0.0152373490855098
0.709106981754303,0.70884096622467,0.822652697563171,-0.5665522813797,-0.0475513786077499,0.558612108230591,0.789884388446808,0.25305187702179,-0.105806976556778,-0.23473659157753,0.966283440589905,-0.040639154613018,0.0253296904265881,-0.00327530014328659
0.73115199804306,0.730840981006622,0.824126362800598,-0.564870297908783,-0.041682206094265,0.55521148443222,0.791088998317719,0.256745964288712,-0.112053789198399,-0.234733566641808,0.965579688549042,-0.05422493070364,0.00537268398329616,0.0156895406544209
0.752968013286591,0.752245008945465,0.825190365314484,-0.563071012496948,-0.0448540039360523,0.554093241691589,0.791486322879791,0.257934510707855,-0.109734103083611,-0.237698391079903,0.965120673179626,-0.0591362304985523,0.00564569979906082,0.0401786603033543
0.774944007396698,0.774613976478577,0.826314330101013,-0.56132572889328,-0.0460227504372597,0.552769958972931,0.792625963687897,0.257273286581039,-0.10793524235487,-0.23802861571312,0.965242147445679,-0.0486320033669472,-0.00499479472637177,-0.00427080038934946
0.797419011592865,0.797065019607544,0.827375471591949,-0.559732973575592,-0.0463563278317451,0.55122035741806,0.793410539627075,0.258178025484085,-0.107731126248837,-0.239162728190422,0.964984536170959,-0.0244599692523479,0.000762271578423679,-0.0132411457598209
0.819095015525818,0.818760991096497,0.829089641571045,-0.5573410987854,-0.0445118397474289,0.548264145851135,0.794809103012085,0.260163426399231,-0.109621331095695,-0.24010306596756,0.964538097381592,-0.0416431874036789,0.00106921256519854,0.0144953476265073
0.842117011547089,0.840703010559082,0.831154346466064,-0.554508686065674,-0.0412636771798134,0.544679760932922,0.797000467777252,0.260987102985382,-0.111832417547703,-0.239396050572395,0.964459955692291,-0.0624733902513981,-0.0216514375060797,-0.00573960458859801
0.861809015274048,0.861472010612488,0.832589626312256,-0.552011132240295,-0.0455882027745247,0.543504953384399,0.798343241214752,0.259327083826065,-0.10675635188818,-0.24069045484066,0.964713037014008,-0.0296580288559198,-0.00667942222207785,8.2895225204993e-05
0.885475993156433,0.885133981704712,0.833902835845947,-0.549875736236572,-0.0473591387271881,0.541932344436646,0.799561202526093,0.258865475654602,-0.104477271437645,-0.241534113883972,0.964751660823822,-0.0263783056288958,-0.00906359311193228,-0.00933890324085951
0.907096982002258,0.906754970550537,0.834789931774139,-0.548366725444794,-0.0491911359131336,0.540840923786163,0.800039649009705,0.259668529033661,-0.103038713335991,-0.243373259902,0.964444160461426,-0.0265928693115711,-0.00229433877393603,0.0173005815595388
0.929957032203674,0.929188966751099,0.835563182830811,-0.547317981719971,-0.047720942646265,0.539331793785095,0.800610482692719,0.261044383049011,-0.104668378829956,-0.243856489658356,0.964146554470062,-0.0280828811228275,-0.00412283185869455,0.0306138247251511
0.951207995414734,0.950811982154846,0.836156785488129,-0.546676456928253,-0.0445736907422543,0.537949860095978,0.801519632339478,0.261106014251709,-0.107013776898384,-0.242303967475891,0.964280486106873,-0.0395382829010487,0.00376652320846915,0.0296186227351427
0.974269986152649,0.973708987236023,0.836525142192841,-0.546490013599396,-0.0396789759397507,0.53671258687973,0.802673041820526,0.260107100009918,-0.110296636819839,-0.238882333040237,0.964764177799225,-0.0275024622678757,0.00729947118088603,-0.00267357681877911
0.995572984218597,0.99508398771286,0.836876392364502,-0.546225547790527,-0.0357145667076111,0.535683274269104,0.803808212280273,0.258719623088837,-0.112611591815948,-0.235648065805435,0.965291976928711,-0.0204405188560486,0.00801774114370346,0.00128747627604753
1.01747101545334,1.01700901985168,0.837331652641296,-0.545621514320374,-0.0342482067644596,0.534819602966309,0.804547071456909,0.258209526538849,-0.113330349326134,-0.234523639082909,0.965481698513031,-0.0123671041801572,0.0110171651467681,0.0169343333691359
1.04039299488068,1.03984498977661,0.837817370891571,-0.544985175132751,-0.03245535120368,0.533979177474976,0.805615663528442,0.256612092256546,-0.113703191280365,-0.232324555516243,0.965969383716583,-0.0207518618553877,0.00803115032613277,0.00744280079379678
1.06096798181534,1.06051498651505,0.838160991668701,-0.544544279575348,-0.0309480093419552,0.533441960811615,0.806601107120514,0.25462606549263,-0.113692432641983,-0.229926586151123,0.966544270515442,-0.0235780142247677,0.00207784725353122,-0.00106133217923343
1.0845730304718,1.0841029882431,0.838319361209869,-0.544364333152771,-0.0298030376434326,0.533243298530579,0.80736243724823,0.252621531486511,-0.113456249237061,-0.227669790387154,0.967106103897095,-0.0253474693745375,0.000958314631134272,0.0025980188511312
1.10593497753143,1.10543298721313,0.838482558727264,-0.544141411781311,-0.0292779691517353,0.533153533935547,0.808070719242096,0.250537544488907,-0.11266915500164,-0.225681036710739,0.967664062976837,-0.0107995746657252,0.00192610640078783,-0.00487011158838868
1.12762302160263,1.12724298238754,0.838988602161407,-0.54332822561264,-0.029878281056881,0.532733976840973,0.808961391448975,0.248547926545143,-0.110872678458691,-0.224446043372154,0.968158662319183,-0.00395359704270959,0.00135553372092545,-0.000545539776794612
1.15067100524902,1.14972698688507,0.839738488197327,-0.542116165161133,-0.0308118611574173,0.531994819641113,0.810044944286346,0.246594429016113,-0.108723804354668,-0.223466604948044,0.968628823757172,-0.00122507091145962,0.000485420954646543,0.00261016422882676
1.17110401391983,1.17061996459961,0.840555548667908,-0.540819764137268,-0.031310960650444,0.531112313270569,0.811325669288635,0.244275331497192,-0.106705501675606,-0.221956640481949,0.969200313091278,-0.0206908453255892,-0.00178790790960193,0.00585190253332257
1.19334298372269,1.19294399023056,0.841120362281799,-0.539898812770844,-0.0320295840501785,0.53065413236618,0.812374711036682,0.24177186191082,-0.104512289166451,-0.2203558832407,0.969804346561432,-0.00862260069698095,-0.00180418626405299,-0.000761441129725426
1.21560901403427,1.21530896425247,0.841675400733948,-0.538960337638855,-0.0332321599125862,0.530258059501648,0.813321113586426,0.239447608590126,-0.102024309337139,-0.219158783555031,0.970340371131897,-0.0134720280766487,-0.00495240883901715,-0.0127070927992463
1.23817002773285,1.23746901750565,0.842108547687531,-0.538209199905396,-0.0344117470085621,0.530010581016541,0.814107179641724,0.237315103411674,-0.0997103005647659,-0.218083664774895,0.970823049545288,-0.0152772227302194,-0.00278193433769047,-0.0121023701503873
1.25870102643967,1.25836199522018,0.842403948307037,-0.537595927715302,-0.0366923697292805,0.530114948749542,0.814620792865753,0.235310807824135,-0.0966117382049561,-0.217677935957909,0.9712273478508,-0.00611375831067562,-0.00411484204232693,-0.00943979620933533
1.28191697597504,1.28152096271515,0.842510998249054,-0.537285208702087,-0.0387277379631996,0.530380845069885,0.814814925193787,0.234035983681679,-0.0941881015896797,-0.217718347907066,0.971456289291382,0.00652982853353024,0.00117159856017679,0.00755859166383743
1.30395400524139,1.30359196662903,0.842796444892883,-0.536868333816528,-0.0382964685559273,0.529944777488708,0.815277636051178,0.233411505818367,-0.094088964164257,-0.217013403773308,0.971623599529266,-0.00193477619905025,0.00398035766556859,4.96877646583016e-06
1.32546502351761,1.32513296604156,0.843010663986206,-0.536717355251312,-0.0356037057936192,0.529179751873016,0.815661787986755,0.233804866671562,-0.0964465141296387,-0.21594075858593,0.971631467342377,-0.0171253122389317,-0.00516303023323417,0.00430051749572158
1.34745502471924,1.34711802005768,0.84278929233551,-0.537170231342316,-0.0339773818850517,0.529310882091522,0.815696060657501,0.23338794708252,-0.0976538136601448,-0.214681476354599,0.97178989648819,-0.014629234559834,0.000538828084245324,-0.00866358727216721
1.37025302648544,1.36894899606705,0.842421293258667,-0.537793159484863,-0.0332407541573048,0.529777050018311,0.815451562404633,0.23318475484848,-0.0982989221811295,-0.214049994945526,0.97186416387558,-0.00888772215694189,-0.00321965245530009,-0.00698716565966606
1.39143002033234,1.39109498262405,0.842043280601501,-0.538410902023315,-0.0328154601156712,0.53027617931366,0.815103769302368,0.233266144990921,-0.0988450050354004,-0.213821440935135,0.971859097480774,-0.00161123729776591,0.000417022441979498,-0.00752629898488522
1.41355699300766,1.41321700811386,0.84188050031662,-0.53870964050293,-0.0320808105170727,0.530418038368225,0.815036654472351,0.233178049325943,-0.0994681864976883,-0.213324308395386,0.971904754638672,-0.01293102838099,-0.00534734735265374,-0.0137519920244813
1.4354829788208,1.43512600660324,0.841637670993805,-0.539143741130829,-0.031147088855505,0.530571162700653,0.814745664596558,0.233845815062523,-0.100699529051781,-0.213339194655418,0.971774697303772,-0.00796898733824492,-0.00121582206338644,-0.0059017245657742
1.45796102285385,1.45762598514557,0.84136176109314,-0.539640247821808,-0.0299805700778961,0.530721843242645,0.814421534538269,0.234631642699242,-0.102199822664261,-0.213321432471275,0.971621930599213,-0.00750436866655946,-0.00368012441322207,0.00203269487246871
1.47955602407455,1.47921901941299,0.841141045093536,-0.540060997009277,-0.0285655036568642,0.530778884887695,0.814249038696289,0.235100731253624,-0.103709258139133,-0.21291483938694,0.971551179885864,-0.00866804923862219,-0.00223447335883975,-0.00549961347132921
1.50199800729752,1.50166296958923,0.840918064117432,-0.540460109710693,-0.0275639370083809,0.530898451805115,0.81402462720871,0.235607475042343,-0.104898683726788,-0.212760239839554,0.971457362174988,-0.00502670416608453,-0.00390974432229996,-0.000542781490366906
1.52355802059174,1.52318900823593,0.840769648551941,-0.540722012519836,-0.0269480645656586,0.531007289886475,0.813915550708771,0.235738947987556,-0.105535760521889,-0.212511762976646,0.971442699432373,0.00266924686729908,-0.00191669166088104,-0.0066303969360888
1.54743498563766,1.54647701978683,0.840751826763153,-0.540797173976898,-0.0259769037365913,0.530820190906525,0.813893556594849,0.236235573887825,-0.106613077223301,-0.212404564023018,0.971348524093628,0.0015652064466849,0.00044151334441267,-0.0071670962497592
1.56771600246429,1.56722098588943,0.840852379798889,-0.540693044662476,-0.0248680040240288,0.530413866043091,0.813972294330597,0.236876085400581,-0.107835344970226,-0.212368175387383,0.971221566200256,0.00107192946597934,0.00172289891634136,0.00210534501820803
1.58915001153946,1.58820396661758,0.840979516506195,-0.540525317192078,-0.0242064483463764,0.530107498168945,0.81416118144989,0.236912935972214,-0.108349457383156,-0.212070941925049,0.971229255199432,-0.000158597060362808,0.00244638603180647,0.00792667083442211
1.61234599351883,1.61184698343277,0.841187417507172,-0.540203928947449,-0.0241581201553345,0.529844522476196,0.814484715461731,0.236388474702835,-0.108021527528763,-0.211647063493729,0.971358239650726,-0.000613804790191352,0.00314262555912137,-0.00531104160472751
1.63474702835083,1.63403797149658,0.841375648975372,-0.539930105209351,-0.0237179435789585,0.529466390609741,0.814677894115448,0.236570030450821,-0.108408778905869,-0.211602121591568,0.971324920654297,-0.00377470883540809,0.000318200094625354,-0.000263218302279711
1.65906101465225,1.65782099962234,0.841521918773651,-0.539723813533783,-0.0232196263968945,0.529134571552277,0.814823508262634,0.236810818314552,-0.108892500400543,-0.211567804217339,0.971278309822083,0.00151487078983337,0.00040638874634169,-0.00143900152761489
1.67778599262238,1.67710596323013,0.84160590171814,-0.539648354053497,-0.021891362965107,0.528742969036102,0.814978122711182,0.237153202295303,-0.110138319432735,-0.211164444684982,0.971225559711456,-0.00351977627724409,0.00378528330475092,-0.00960937421768904
1.70262098312378,1.70035797357559,0.841643214225769,-0.539673268795013,-0.0197387859225273,0.528192937374115,0.815026581287384,0.238210007548332,-0.112467892467976,-0.210913732647896,0.971013069152832,-2.4431485144305e-05,0.00412492081522942,-0.0102643929421902
1.72330099344254,1.72260200977325,0.841784834861755,-0.539518654346466,-0.0178322345018387,0.527559697628021,0.815229177474976,0.238918855786324,-0.114363789558411,-0.21052585542202,0.970875799655914,-0.0137276202440262,0.00246867421083152,0.00989251397550106
1.74661302566528,1.74482500553131,0.841803073883057,-0.53950572013855,-0.0173557586967945,0.527495980262756,0.815391421318054,0.238505467772484,-0.114523306488991,-0.209929749369621,0.970986068248749,-0.0147007321938872,-0.00294960383325815,-0.0016396715072915
1.76926302909851,1.76662600040436,0.841823220252991,-0.539441168308258,-0.018357340246439,0.527728736400604,0.815453767776489,0.237776353955269,-0.113296762108803,-0.209853366017342,0.971146464347839,0.00187581218779087,0.00120409438386559,-0.0168143659830093
1.78822702169418,1.78753399848938,0.842114269733429,-0.538968980312347,-0.0188700780272484,0.527332603931427,0.81559419631958,0.238173335790634,-0.112977676093578,-0.210519969463348,0.971039354801178,-0.00333662563934922,0.00314219878055155,-0.00678963912650943
1.81074202060699,1.81005996465683,0.842287957668304,-0.538709878921509,-0.0185116417706013,0.526904344558716,0.815615355968475,0.23904687166214,-0.113678514957428,-0.211100190877914,0.970831573009491,-0.00912748835980892,-0.00262181693688035,0.00125758664216846
1.8333780169487,1.83263397216797,0.8424072265625,-0.538509905338287,-0.0189022421836853,0.526693522930145,0.815501809120178,0.239897593855858,-0.113772377371788,-0.212047144770622,0.970614194869995,-0.00657314248383045,0.00137219286989421,0.00328323827125132
1.86022400856018,1.85870397090912,0.842366576194763,-0.538581311702728,-0.0186749026179314,0.52663391828537,0.815338134765625,0.240583777427673,-0.114347539842129,-0.21249458193779,0.970448732376099,-0.00967221986502409,0.00137174420524389,0.00682566734030843
1.88425701856613,1.88257098197937,0.842181801795959,-0.538899123668671,-0.0178213082253933,0.526680290699005,0.815108001232147,0.241260930895805,-0.115488976240158,-0.212571695446968,0.970296621322632,-0.00991725455969572,-0.000621397572103888,-0.00741026364266872
1.89413702487946,1.89287996292114,0.84194016456604,-0.539304852485657,-0.0169427208602428,0.526772618293762,0.814766049385071,0.242212772369385,-0.116822138428688,-0.212853640317917,0.970075249671936,-0.00560543686151505,0.00191735790576786,0.00417861435562372
1.91707301139832,1.91636997461319,0.841579794883728,-0.539891242980957,-0.0161522515118122,0.527110815048218,0.81439608335495,0.242720708250999,-0.117888435721397,-0.212782874703407,0.969961762428284,-0.0013664806028828,0.00103674596175551,0.00336323003284633
1.94563299417496,1.94518798589706,0.841311395168304,-0.540307700634003,-0.0162103101611137,0.527551472187042,0.814172744750977,0.242512404918671,-0.117833308875561,-0.212580233812332,0.970012843608856,-0.00981687661260366,0.00302570778876543,-0.00227716541849077
1.95857203006744,1.95833998918533,0.840929508209229,-0.540900409221649,-0.0162587352097034,0.528164446353912,0.813846826553345,0.242272078990936,-0.117812916636467,-0.212321043014526,0.970072090625763,-0.0104146152734756,0.00139683310408145,0.00315316999331117
1.98025798797607,1.9800009727478,0.840503871440887,-0.541558086872101,-0.0163774527609348,0.52889484167099,0.813540935516357,0.241705447435379,-0.117573767900467,-0.211816310882568,0.970211446285248,-0.00465870229527354,0.00185253552626818,0.00518460245802999
2.00243300199509,2.00215601921082,0.840209782123566,-0.542015671730042,-0.0163290239870548,0.529377698898315,0.813349604606628,0.241292014718056,-0.117502823472023,-0.211380138993263,0.970315158367157,0.00430086394771934,0.000584609166253358,-0.00795630645006895
2.03463298082352,2.03424501419067,0.840010464191437,-0.542327046394348,-0.0162442103028297,0.529679536819458,0.81319785118103,0.24114103615284,-0.117567516863346,-0.211165234446526,0.97035413980484,0.000738820235710591,0.00141020293813199,0.00613599130883813
2.05790901184082,2.0574209690094,0.839802086353302,-0.542662143707275,-0.0158238671720028,0.529979109764099,0.813157975673676,0.240616768598557,-0.117706269025803,-0.210456788539886,0.970491230487823,0.00094554218230769,0.00195405120030046,0.00576953031122684
2.06846803426743,2.0681129693985,0.83959549665451,-0.542992889881134,-0.0154330432415009,0.530303299427032,0.813155651092529,0.239909201860428,-0.117719486355782,-0.209610879421234,0.97067266702652,0.00678375316783786,-0.000187841855222359,-0.00160212209448218
2.0941150188446,2.09382700920105,0.839475631713867,-0.543183326721191,-0.0152531079947948,0.530500292778015,0.813149094581604,0.239495351910591,-0.117686793208122,-0.209142282605171,0.970777690410614,0.00830646231770515,0.00145824253559113,0.00143260229378939
2.1152920126915,2.11498898267746,0.839374423027039,-0.543352782726288,-0.0147796906530857,0.530610263347626,0.813185274600983,0.239128768444061,-0.117912620306015,-0.208560824394226,0.970875382423401,0.000189178419532254,-0.00101405079476535,-0.00654161116108298
2.13427001237869,2.13397598266602,0.83918434381485,-0.543661773204803,-0.0141972117125988,0.530769169330597,0.813034951686859,0.239287167787552,-0.118548423051834,-0.208341509103775,0.97084504365921,0.00046648332499899,-0.00117608450818807,-0.00297087244689465
2.15862900018692,2.15831500291824,0.838980972766876,-0.543978750705719,-0.0140761248767376,0.531014502048492,0.812786638736725,0.239586144685745,-0.118888854980469,-0.20848286151886,0.970773041248322,0.00646220939233899,-0.00414248555898666,0.00527319172397256
2.17902302742004,2.17838698625565,0.838840126991272,-0.544207096099854,-0.013638112694025,0.531117677688599,0.812654435634613,0.239805981516838,-0.119421020150185,-0.208402320742607,0.970725059509277,0.00213947426527739,-0.00489921728149056,0.00896356720477343
2.20078200101852,2.20051997900009,0.838715851306915,-0.544408321380615,-0.0132439099252224,0.531231641769409,0.81258225440979,0.239798113703728,-0.119786292314529,-0.208158060908318,0.970732450485229,0.00395274581387639,-0.00222153589129448,0.0049731656908989
2.22362101078033,2.2230190038681,0.838626861572266,-0.544549286365509,-0.0130795203149319,0.531396090984344,0.812622725963593,0.23929600417614,-0.119679734110832,-0.207630470395088,0.970858573913574,0.00401032622903585,-7.57394809625112e-06,-0.000164992306963541
2.2443659901619,2.24410200119019,0.838675737380981,-0.54447203874588,-0.0131627842783928,0.531420409679413,0.812802672386169,0.238630086183548,-0.119228638708591,-0.20712822675705,0.971021354198456,0.00861151050776243,0.00121857516933233,-0.00805885996669531
2.26681703329086,2.26655900478363,0.838766396045685,-0.544343948364258,-0.012676078826189,0.531221032142639,0.812993407249451,0.238424122333527,-0.119479134678841,-0.206715941429138,0.971078395843506,-0.000194389183889143,-0.0046178693883121,-0.00165413890499622
2.28872299194336,2.28825199604034,0.838809669017792,-0.54428106546402,-0.0125111415982246,0.531174957752228,0.813140034675598,0.238026350736618,-0.11937990039587,-0.206304401159286,0.971178114414215,-0.00173843384254724,-0.00513771409168839,0.00100905366707593
2.31102699041367,2.31069201231003,0.838854730129242,-0.544203579425812,-0.0128531903028488,0.531226456165314,0.81324028968811,0.237568497657776,-0.118832886219025,-0.206113427877426,0.971285760402679,0.00373311620205641,-0.00525985658168793,-0.00996119622141123
2.34283500909805,2.34230297803879,0.838873088359833,-0.544171988964081,-0.0129948072135448,0.531226217746735,0.813243448734283,0.237558215856552,-0.118704557418823,-0.206184387207031,0.971286356449127,0.000570254458580166,-0.006155158393085,-0.00263634510338306
2.35486102104187,2.35460197925568,0.838837265968323,-0.544224679470062,-0.0130984298884869,0.531288087368011,0.813177883625031,0.237644180655479,-0.118680447340012,-0.206303849816322,0.971263945102692,0.00426607020199299,-0.00136948237195611,-0.00151435809675604
2.37661802768707,2.37635999917984,0.838891506195068,-0.544141530990601,-0.013080857694149,0.531217217445374,0.813256204128265,0.237534672021866,-0.118614353239536,-0.206214606761932,0.97129100561142,0.0020863760728389,0.00291552534326911,0.0027546132914722
2.39861500263214,2.39833301305771,0.839045464992523,-0.543899178504944,-0.0132865458726883,0.531079530715942,0.813477754592896,0.237083449959755,-0.118141144514084,-0.205980017781258,0.971398413181305,0.0037270023021847,0.000572218559682369,-0.00568286376073956
2.42089003324509,2.4205510020256,0.839284002780914,-0.543531835079193,-0.0132498443126678,0.530718386173248,0.81371945142746,0.237062782049179,-0.118069484829903,-0.205994933843613,0.971403956413269,-0.00458284933120012,0.00145181873813272,-0.00300703011453152
2.4543080329895,2.45394998788834,0.839443802833557,-0.543294131755829,-0.0128730945289135,0.5303835272789,0.813873291015625,0.237283825874329,-0.118437811732292,-0.20601412653923,0.971355080604553,0.001836386625655,0.000879412749782205,0.00764047494158149
2.46534299850464,2.46496200561523,0.839629292488098,-0.543011784553528,-0.0126865990459919,0.530088186264038,0.814105689525604,0.237146660685539,-0.118445172905922,-0.205840304493904,0.971391022205353,-9.80993718258105e-05,-0.00134821701794863,-0.00634639943018556
2.48697602748871,2.48663997650146,0.839848518371582,-0.542674481868744,-0.012606006115675,0.529723465442657,0.814292550086975,0.23732016980648,-0.118522599339485,-0.205990687012672,0.971349716186523,-0.00303874118253589,-0.00346352835185826,-0.000894561118911952
2.51019299030304,2.50942701101303,0.83999365568161,-0.542454242706299,-0.0124192722141743,0.529460668563843,0.814437747001648,0.237408325076103,-0.118668377399445,-0.205997005105019,0.971330583095551,-0.00471358140930533,-0.00487073929980397,0.00370971648953855
2.54237198829651,2.54158002138138,0.840074837207794,-0.542331695556641,-0.0122795552015305,0.529298067092896,0.814507484436035,0.237531572580338,-0.118819057941437,-0.206043839454651,0.971302211284637,-0.000392956892028451,-0.00340471509844065,-0.00268155499361455
2.55365800857544,2.55312901735306,0.840133488178253,-0.542245507240295,-0.0120684467256069,0.52915370464325,0.814559817314148,0.23767364025116,-0.119046956300735,-0.206063657999039,0.971270084381104,-2.92583863483742e-05,-0.00573455402627587,-0.00440739234909415
2.57681101560593,2.57585799694061,0.840199828147888,-0.542147696018219,-0.0118405558168888,0.528978645801544,0.814594268798828,0.237944930791855,-0.119356021285057,-0.206184685230255,0.971206486225128,-0.000304907647660002,-0.00114503293298185,-0.00927753001451492
2.59890902042389,2.59807300567627,0.840211153030396,-0.542132675647736,-0.011724978685379,0.528888642787933,0.814529955387115,0.238364845514297,-0.119674995541573,-0.206477999687195,0.971104919910431,-0.000692873145453632,-0.00374636240303516,-0.00231428258121014
2.6238220334053,2.62147301435471,0.840218424797058,-0.542116582393646,-0.0119446143507957,0.52888149023056,0.814446926116943,0.238664299249649,-0.119655586779118,-0.206847429275513,0.971028685569763,0.000582846929319203,-0.00359951029531658,-0.0043588918633759
2.65234798192978,2.65162396430969,0.840240955352783,-0.542077660560608,-0.0121283121407032,0.528863787651062,0.814415812492371,0.238809734582901,-0.119575902819633,-0.207071959972382,0.970990657806396,-0.0011267198715359,-0.00374397845007479,-0.00894404854625463
2.67568498849869,2.67494601011276,0.840199708938599,-0.542148470878601,-0.011815220117569,0.528805017471313,0.814305067062378,0.239316821098328,-0.120124027132988,-0.207321882247925,0.970869660377502,-0.00581851415336132,-0.00790607929229736,-0.00230540055781603
2.6851059794426,2.68486601114273,0.840078711509705,-0.542335093021393,-0.0118505023419857,0.528988778591156,0.814175128936768,0.239352956414223,-0.120161086320877,-0.207344129681587,0.970860302448273,-0.0024968683719635,-0.00133918458595872,0.00363618973642588
2.70681202411652,2.70654797554016,0.839962542057037,-0.542507529258728,-0.0121897459030151,0.529223084449768,0.814015567302704,0.239377796649933,-0.119941592216492,-0.207519471645355,0.970849990844727,0.000536086154170334,-0.00140589673537761,-0.000860218890011311
2.7294830083847,2.72895497083664,0.839932680130005,-0.542540907859802,-0.0127492919564247,0.529320120811462,0.813830077648163,0.239793419837952,-0.119721941649914,-0.208158791065216,0.97074019908905,0.00403537834063172,0.00280915782786906,0.0128239681944251
2.76083999872208,2.76033097505569,0.839873909950256,-0.542628645896912,-0.0128841176629066,0.529413104057312,0.813721537590027,0.239956468343735,-0.119723133742809,-0.208354204893112,0.970698177814484,7.05948114045896e-05,0.00439126789569855,0.0133464736863971
2.77343201637268,2.77316999435425,0.839767158031464,-0.542791366577148,-0.0129881352186203,0.529635548591614,0.813679933547974,0.239606469869614,-0.119488105177879,-0.208092629909515,0.970783233642578,0.00556654995307326,0.00469740759581327,0.00110243598464876
2.79530602693558,2.79504901170731,0.839699983596802,-0.542896032333374,-0.0129588358104229,0.529783248901367,0.813709199428558,0.239180237054825,-0.119305238127708,-0.207705020904541,0.970888733863831,0.001704863156192,0.00306572834961116,0.00172672944609076
2.81733697652817,2.81707799434662,0.839627325534821,-0.542996466159821,-0.013446968048811,0.530052363872528,0.813703119754791,0.238603845238686,-0.118619173765182,-0.207465931773186,0.971023917198181,0.00384123413823545,0.000337857403792441,-0.0011898543452844
2.8495619893074,2.8490309715271,0.839587450027466,-0.543053328990936,-0.0136409290134907,0.53017383813858,0.813687086105347,0.23838859796524,-0.118358239531517,-0.207380145788193,0.971074044704437,-0.00138812779914588,-0.00321906106546521,-0.0116072241216898
2.87291699647903,2.8726270198822,0.839566946029663,-0.543096661567688,-0.0131689310073853,0.53008770942688,0.81367015838623,0.238637760281563,-0.118888169527054,-0.207333073019981,0.971019387245178,-0.00537168653681874,-0.00222222111187875,-0.00217094062827528
2.88300198316574,2.88271898031235,0.839508593082428,-0.543194115161896,-0.0128667168319225,0.530113279819489,0.813638210296631,0.238689914345741,-0.119186073541641,-0.207203045487404,0.971010625362396,-0.00490162800997496,-0.00517605617642403,0.00262681255117059
2.90518802404404,2.90488398075104,0.839347958564758,-0.543449580669403,-0.0125555768609047,0.530308187007904,0.81353884935379,0.238595619797707,-0.119450218975544,-0.206923082470894,0.971037864685059,-0.00324771227315068,-0.00243221363052726,0.00894067995250225
2.92734497785568,2.92689198255539,0.83912605047226,-0.543798804283142,-0.0122626796364784,0.530650019645691,0.813467800617218,0.238077089190483,-0.119490705430508,-0.206283882260323,0.971168875694275,-0.00100169389043003,-0.000936587864998728,-0.0022045592777431
2.94967800378799,2.94933897256851,0.838902592658997,-0.544140636920929,-0.0123891085386276,0.53110009431839,0.813394546508789,0.237322777509689,-0.119059696793556,-0.205670565366745,0.971351861953735,0.0065775690600276,0.00258156983181834,-0.00856758095324039
2.9712849855423,2.97091799974442,0.838842332363129,-0.544231772422791,-0.0124647617340088,0.531268358230591,0.813437879085541,0.236797124147415,-0.118733182549477,-0.205257594585419,0.971479177474976,0.00520491972565651,0.00417688582092524,-0.00929476227611303
2.99338102340698,2.99303698539734,0.838778913021088,-0.544336438179016,-0.0121584832668304,0.531327962875366,0.8134486079216,0.236626297235489,-0.118913978338242,-0.204937309026718,0.971524655818939,0.00105562875978649,0.00333466636948287,0.00483460584655404
3.01594603061676,3.01547199487686,0.838583767414093,-0.54463803768158,-0.0121139734983444,0.531671285629272,0.813366591930389,0.236136615276337,-0.118755847215652,-0.204461008310318,0.971644341945648,0.00607450446113944,0.00311965215951204,0.0068769040517509
3.03913497924805,3.03747099637985,0.838491499423981,-0.544769883155823,-0.0125651359558105,0.531953454017639,0.813330233097076,0.235625714063644,-0.118142157793045,-0.204254239797592,0.971762657165527,0.00418901769444346,-0.00352527992799878,-0.0079889353364706
3.0709440112114,3.07048797607422,0.838384747505188,-0.544933974742889,-0.0125718452036381,0.532123148441315,0.813240885734558,0.235551089048386,-0.118135839700699,-0.204172223806381,0.97178065776825,0.00793596729636192,-0.00233341846615076,-0.006475571077317
3.08234202861786,3.08185297250748,0.838362634181976,-0.544963777065277,-0.0127535350620747,0.532186329364777,0.813192903995514,0.235573947429657,-0.11800816655159,-0.204283654689789,0.971772730350494,0.00383277144283056,0.00110739993397146,-0.0035995664075017
3.10415601730347,3.10366398096085,0.838327169418335,-0.545016407966614,-0.0128345713019371,0.532241940498352,0.813127934932709,0.235672652721405,-0.118009276688099,-0.204401880502701,0.971747756004333,0.00176809192635119,-0.00181515864096582,0.00469147926196456
3.12557101249695,3.12518298625946,0.83825558423996,-0.545117735862732,-0.0132041238248348,0.532477378845215,0.813121736049652,0.23516158759594,-0.117454156279564,-0.204156413674355,0.971866607666016,0.00229881075210869,0.00225142738781869,0.00638198433443904
3.15868598222733,3.1574530005455,0.83821040391922,-0.545171439647675,-0.0138383321464062,0.532767474651337,0.813192903995514,0.234256625175476,-0.116456747055054,-0.203728973865509,0.972076296806335,0.00392289506271482,0.00133121444378048,-0.0110627319663763
3.17012298107147,3.16975396871567,0.838195145130157,-0.545190036296844,-0.0140296630561352,0.532874286174774,0.81324303150177,0.233839496970177,-0.116077393293381,-0.203479185700417,0.972173988819122,0.0056236581876874,-7.77489840402268e-05,-0.00867622531950474
3.19183999300003,3.19148498773575,0.838272392749786,-0.54507052898407,-0.0140566974878311,0.532774806022644,0.8133345246315,0.233747690916061,-0.11597615480423,-0.203433305025101,0.972195684909821,-0.000308527261950076,-0.00106981385033578,-0.000109618093119934
3.21415400505066,3.21353197097778,0.838337302207947,-0.544971883296967,-0.0140091441571712,0.53268700838089,0.813434243202209,0.233600869774818,-0.115910366177559,-0.203298822045326,0.97223162651062,-0.001481679151766,-0.00484822923317552,0.0106227686628699
3.23612099885941,3.23534899950027,0.838316738605499,-0.545008659362793,-0.0138083100318909,0.532718539237976,0.81350165605545,0.233293980360031,-0.11591412127018,-0.202930212020874,0.972308218479156,-0.00382906431332231,-0.00646737683564425,-0.00344556919299066
3.25814002752304,3.25733298063278,0.838238954544067,-0.545130908489227,-0.0137063786387444,0.532871305942535,0.813533365726471,0.232833966612816,-0.115774355828762,-0.202474251389503,0.972419917583466,0.00262052146717906,-0.0010069771669805,-0.00449353596195579
3.29087001085281,3.29052901268005,0.838245630264282,-0.545120477676392,-0.0137130729854107,0.532913446426392,0.813628017902374,0.232406601309776,-0.115532219409943,-0.202121689915657,0.972522020339966,0.00162200932390988,-0.0025024579372257,-0.00567314075306058
3.30163502693176,3.3012769818306,0.838180422782898,-0.545217990875244,-0.0138214081525803,0.533075571060181,0.81363171339035,0.232021301984787,-0.115256622433662,-0.201843559741974,0.972612500190735,0.00264283013530076,-0.00381854781880975,-0.0136698354035616
3.32359802722931,3.32323896884918,0.838174045085907,-0.545224666595459,-0.013944286853075,0.533124804496765,0.813642680644989,0.231869906187057,-0.115075498819351,-0.201781392097473,0.972646832466125,0.00319133512675762,-0.00363423954695463,-0.0120790917426348
3.34591603279114,3.34527498483658,0.838232100009918,-0.545128703117371,-0.0142033435404301,0.533074021339417,0.813652455806732,0.23195219039917,-0.114887177944183,-0.202001214027405,0.972623467445374,0.00102492503356189,-0.00304841389879584,0.00369038642384112
3.37714803218842,3.37680602073669,0.838292241096497,-0.545031189918518,-0.014392513781786,0.533008217811584,0.813672840595245,0.232031881809235,-0.114753797650337,-0.202181875705719,0.972601711750031,0.0020259409211576,-0.00397580210119486,0.00739174149930477
3.38994300365448,3.38958597183228,0.838324368000031,-0.544979631900787,-0.0144762694835663,0.532979905605316,0.813703298568726,0.231990128755569,-0.114650458097458,-0.202198535203934,0.972610414028168,0.0061383550055325,-0.00069115764927119,0.00225825095549226
3.41162699460983,3.4112920165062,0.838354825973511,-0.544934272766113,-0.0144178718328476,0.532944798469543,0.813776135444641,0.231815382838249,-0.11459119617939,-0.20202748477459,0.972652971744537,0.000917208904866129,-2.66576262220042e-05,0.00443701026961207
