timestamp,ts,m11,m12,m13,m21,m22,m23,m31,m32,m33,ax,ay,az
0.279802024364471,0.279314994812012,0.999653518199921,-0.00299293687567115,0.0261516515165567,-0.00504067493602633,0.953361451625824,0.301788926124573,-0.0258352104574442,-0.301816165447235,0.953016042709351,-0.0698871687054634,0.0622106939554214,-0.0282614510506392
0.301922023296356,0.301657974720001,0.999700546264648,-0.00185414298903197,0.0244011078029871,-0.00537723302841187,0.956111550331116,0.29295352101326,-0.0238733608275652,-0.292996972799301,0.955815255641937,-0.151074960827827,0.0774078667163849,-0.0163527056574821
0.332639992237091,0.332381963729858,0.999845206737518,-0.00351296970620751,0.0172395128756762,-0.00150172191206366,0.959246814250946,0.282565623521805,-0.0175295900553465,-0.282547801733017,0.959093034267426,-0.104922354221344,0.0259738638997078,-0.015577376820147
0.345445036888123,0.345167994499207,0.999931693077087,-0.00391045492142439,0.0110117709264159,0.000782506307587028,0.962637603282928,0.270791858434677,-0.0116592636331916,-0.270764738321304,0.96257495880127,-0.035085029900074,0.0393312908709049,-0.0566358789801598
0.368061006069183,0.36772495508194,0.999994993209839,-0.00225781602784991,0.00220722309313715,0.00160517636686563,0.965500354766846,0.260396778583527,-0.00271900254301727,-0.2603919506073,0.96549916267395,-0.0426230989396572,0.0907037705183029,-0.0619208700954914
0.389892995357513,0.389590978622437,0.999959111213684,0.000828338204883039,-0.00900618825107813,0.00147995550651103,0.967388033866882,0.25329464673996,0.00892229285091162,-0.253297626972198,0.967347264289856,-0.0577580183744431,0.0551287718117237,-0.0823048502206802
0.411688983440399,0.4113649725914,0.999791860580444,0.00310402829200029,-0.0201647598296404,0.00200967444106936,0.968568980693817,0.248736962676048,0.0203030463308096,-0.248725727200508,0.968361139297485,-0.0743639767169952,0.0271335877478123,-0.0714032649993896
0.434467017650604,0.434188008308411,0.999561548233032,0.00336756370961666,-0.0294167324900627,0.00392757216468453,0.969651460647583,0.244459971785545,0.0293472111225128,-0.244468316435814,0.96921306848526,-0.0726296231150627,0.0426777340471745,-0.0288948360830545
0.455439984798431,0.455173969268799,0.999372720718384,0.001575828762725,-0.0353792607784271,0.00690436083823442,0.97117018699646,0.238287255167961,0.0347347855567932,-0.238382056355476,0.970550119876862,-0.0650270879268646,0.0313017889857292,-0.0157017353922129
0.476805031299591,0.476460993289948,0.999516665935516,-0.00135216861963272,-0.0310574676841497,0.00834907405078411,0.974024176597595,0.226289972662926,0.0299447420984507,-0.226439908146858,0.973564743995667,-0.0573025867342949,0.0328848287463188,-0.0118173528462648
0.499781012535095,0.499382972717285,0.999488472938538,-0.00353089324198663,-0.0317851230502129,0.0104437880218029,0.975432813167572,0.220049396157265,0.0302272811532021,-0.220268800854683,0.974970757961273,-0.0281687900424004,0.0459618754684925,-0.0414782203733921
0.521090030670166,0.5207399725914,0.999519944190979,-0.00500600226223469,-0.0305755361914635,0.0113144163042307,0.977679014205933,0.209799125790596,0.0288428068161011,-0.210044339299202,0.977266311645508,-0.0312469229102135,0.0456603355705738,-0.0669536516070366
0.54380601644516,0.543438971042633,0.99946391582489,-0.00641743373125792,-0.032105315476656,0.0129279615357518,0.978273808956146,0.206913501024246,0.0300799366086721,-0.207217633724213,0.977832317352295,-0.0510872527956963,0.0360455773770809,-0.0481381341814995
0.565926015377045,0.565438985824585,0.999571084976196,-0.00806278362870216,-0.0281546805053949,0.0135342124849558,0.979715168476105,0.19993744790554,0.0259715151041746,-0.200232729315758,0.979404091835022,-0.0443900339305401,0.0468307435512543,-0.046734232455492
0.588913023471832,0.588454008102417,0.999505460262299,-0.00827915780246258,-0.0303361266851425,0.0141332298517227,0.98006284236908,0.198184326291084,0.0280905105173588,-0.198515072464943,0.979695200920105,-0.02665875852108,0.0602296255528927,-0.0467482805252075
0.613516986370087,0.613035976886749,0.999531030654907,-0.00851721875369549,-0.0294142924249172,0.0138991605490446,0.982082784175873,0.187936797738075,0.0272865705192089,-0.188257500529289,0.981740593910217,-0.0313674174249172,0.059167891740799,-0.0302528347820044
0.632196009159088,0.631735980510712,0.99957013130188,-0.0080183045938611,-0.0282012019306421,0.0128775248304009,0.984198093414307,0.176601991057396,0.0263395216315985,-0.176889225840569,0.983878254890442,-0.0253020320087671,0.0653349086642265,-0.0261315070092678
0.654624998569489,0.653765976428986,0.999530494213104,-0.0065010841935873,-0.0299416854977608,0.0115704853087664,0.98496025800705,0.172393202781677,0.028370626270771,-0.172658711671829,0.984573066234589,-0.0244485214352608,0.0653528049588203,-0.0178683623671532
0.675635993480682,0.675103962421417,0.999532341957092,-0.00552074005827308,-0.030076177790761,0.0104497577995062,0.986021876335144,0.166287794709206,0.0287377368658781,-0.166524335741997,0.985618472099304,-0.0302897989749908,0.0606206804513931,0.00452412199229002
0.698226034641266,0.697761952877045,0.999471545219421,-0.00658297352492809,-0.0318330675363541,0.0119370575994253,0.985188782215118,0.171057283878326,0.0302355140447617,-0.171346873044968,0.984746694564819,-0.0495485216379166,0.0425782799720764,-0.0128271533176303
0.721072018146515,0.720564961433411,-0.520046055316925,-0.853601157665253,-0.0302863195538521,0.839247763156891,-0.517250657081604,0.167675495147705,-0.158793598413467,0.0617812462151051,0.98537689447403,-0.0212836358696222,0.0609555207192898,-0.0554250851273537
0.741048991680145,0.74059396982193,-0.517674028873444,-0.855099618434906,-0.028607614338398,0.841076791286469,-0.51474541425705,0.166213929653168,-0.156855076551437,0.0619834288954735,0.985674679279327,-0.00623822677880526,0.0482787452638149,-0.0318729467689991
0.76399302482605,0.763713002204895,-0.515749931335449,-0.85636693239212,-0.0252569057047367,0.84378856420517,-0.512839436531067,0.15816704928875,-0.148401752114296,0.0602631531655788,0.987089276313782,-0.0205724500119686,0.0361730270087719,-0.0287645868957043
0.786240994930267,0.78595095872879,-0.513518571853638,-0.857718467712402,-0.0248551219701767,0.845786571502686,-0.510835349559784,0.153922989964485,-0.144719466567039,0.0580201745033264,0.987770199775696,-0.0237107183784246,0.032569844275713,-0.00559224328026175
0.808395028114319,0.808136999607086,-0.512048244476318,-0.858650743961334,-0.0229249894618988,0.847460091114044,-0.509366869926453,0.149521946907043,-0.140064358711243,0.0571344420313835,0.988492608070374,-0.0155702531337738,0.0196544025093317,0.0235115252435207
0.8298299908638,0.829548954963684,-0.510891377925873,-0.859364748001099,-0.0219611600041389,0.848391771316528,-0.508158922195435,0.148344367742538,-0.138641685247421,0.057156179100275,0.988691866397858,-0.0208472721278667,0.0212844293564558,0.000944699568208307
0.852274000644684,0.852014005184174,-0.509550929069519,-0.860212624073029,-0.0198027417063713,0.849683105945587,-0.506675004959106,0.14601069688797,-0.135633796453476,0.0575738325715065,0.989084780216217,-0.0238920953124762,0.0243371203541756,-0.0186666734516621
0.874370992183685,0.874101996421814,-0.508546888828278,-0.860807955265045,-0.0197468362748623,0.850110113620758,-0.505604326725006,0.14723202586174,-0.136722564697266,0.0580873861908913,0.98890483379364,-0.0357075296342373,0.0254058465361595,-0.0319234021008015
0.896279036998749,0.896018981933594,-0.50815486907959,-0.861071765422821,-0.0182750448584557,0.850360453128815,-0.504973649978638,0.147948086261749,-0.136622339487076,0.0596401691436768,0.988826274871826,-0.0355479940772057,0.0322101749479771,-0.0074353301897645
0.917900025844574,0.917627990245819,-0.507915258407593,-0.861255526542664,-0.0161531157791615,0.850849866867065,-0.504529058933258,0.146645352244377,-0.13444884121418,0.0607395358383656,0.989057242870331,-0.0157258752733469,0.0371025055646896,0.0184761825948954
0.939935028553009,0.939668953418732,-0.507696986198425,-0.861448764801025,-0.0122477598488331,0.851779341697693,-0.504030227661133,0.142918139696121,-0.129289895296097,0.0621267072856426,0.989658713340759,-0.0199534483253956,0.0320782996714115,0.000797643733676523
0.961924016475677,0.961627006530762,-0.507500469684601,-0.861609280109406,-0.00853691250085831,0.852463066577911,-0.50350695848465,0.140668660402298,-0.125499814748764,0.0641119927167892,0.990019917488098,-0.0225292220711708,0.0193155072629452,-0.0241860076785088
0.983667016029358,0.982980966567993,-0.507418751716614,-0.861682236194611,-0.00547543168067932,0.85290390253067,-0.503134727478027,0.139321476221085,-0.122805714607239,0.0660243034362793,0.990232050418854,-0.0221380274742842,0.0188380721956491,-0.0211357306689024
1.00790101289749,1.00699198246002,-0.507269322872162,-0.861782550811768,-0.00297229737043381,0.853418231010437,-0.502819418907166,0.137295454740524,-0.119813345372677,0.0671091452240944,0.990525662899017,-0.0194517876952887,0.0160033330321312,0.000138718693051487
1.02895498275757,1.02827000617981,-0.507133960723877,-0.861865341663361,-0.00184665247797966,0.853713929653168,-0.502629280090332,0.136148691177368,-0.118270024657249,0.0674691051244736,0.9906867146492,-0.0105136465281248,0.00791382975876331,0.00557927088811994
1.05198401212692,1.05068498849869,-0.50674033164978,-0.862098813056946,-0.000105004757642746,0.854146957397461,-0.502082765102386,0.135447919368744,-0.116822212934494,0.0685472339391708,0.990784466266632,-0.00730714853852987,0.00492424005642533,0.00386124406941235
1.07261502742767,1.07197195291519,-0.506273686885834,-0.86236697435379,0.00320593267679214,0.854728996753693,-0.501288771629333,0.134714916348457,-0.114566594362259,0.0709428042173386,0.990879237651825,-0.0106948241591454,0.00597651302814484,0.000431214459240437
1.09978300333023,1.09910100698471,-0.506065368652344,-0.862462103366852,0.00755549222230911,0.855160176753998,-0.500602304935455,0.134530335664749,-0.112245008349419,0.0745422914624214,0.9908806681633,-0.0177893582731485,0.00196197465993464,-0.00635748822242022
1.13160103559494,1.13082200288773,-0.506384432315826,-0.862223625183105,0.012056078761816,0.855127930641174,-0.50031852722168,0.135785341262817,-0.111045449972153,0.0790690705180168,0.990664899349213,-0.0220625717192888,0.00156904035247862,-0.0144467707723379
1.14316803216934,1.14270597696304,-0.507124066352844,-0.861763119697571,0.0137632861733437,0.854635953903198,-0.500736594200134,0.137332513928413,-0.11145631223917,0.0814072340726852,0.990429401397705,-0.0174867119640112,0.00157507136464119,0.000652766262646765
1.19787502288818,1.1973659992218,-0.510975062847137,-0.859444260597229,0.016131017357111,0.852635264396667,-0.504365146160126,0.136488273739815,-0.109168127179146,0.0834959745407104,0.99051034450531,-0.00561275146901608,-0.00343482755124569,0.0246747732162476
1.17110800743103,1.16799998283386,-0.508730888366699,-0.860800325870514,0.0146907679736614,0.853744924068451,-0.502214908599854,0.137476891279221,-0.110962226986885,0.0824808925390244,0.990396022796631,-0.0170780345797539,-0.00011161308066221,0.0193419475108385
1.20480901002884,1.20434498786926,-0.513375878334045,-0.857991993427277,0.0171738043427467,0.851416289806366,-0.506732702255249,0.135323047637939,-0.107403576374054,0.0840936452150345,0.990652680397034,0.00522616831585765,0.00486040813848376,0.00331747462041676
1.23063898086548,1.23012501001358,-0.515618860721588,-0.85664290189743,0.0173251889646053,0.8502556681633,-0.509067296981812,0.133850231766701,-0.105842158198357,0.083746537566185,0.99085009098053,0.0117557356134057,0.00956739205867052,-0.00327524915337563
1.24854499101639,1.24815499782562,-0.517346799373627,-0.855602979660034,0.0171995759010315,0.8493572473526,-0.510905921459198,0.13254189491272,-0.10461587458849,0.0831787139177322,0.991028189659119,0.0127134928479791,0.00813699048012495,-0.0152126811444759
1.27060198783875,1.27022695541382,-0.518906474113464,-0.854659914970398,0.0171017609536648,0.848435521125793,-0.512478530406952,0.132373943924904,-0.104370415210724,0.0831994414329529,0.991052329540253,-0.00297880778089166,0.00618375651538372,-0.00786432158201933
1.29347199201584,1.29319095611572,-0.520872533321381,-0.853462636470795,0.0171310938894749,0.847255289554596,-0.514427006244659,0.132376372814178,-0.104165568947792,0.083465613424778,0.991051495075226,-0.0118758613243699,0.00534694036468863,0.00551680661737919
1.31423300504684,1.31396096944809,-0.522571980953217,-0.852413833141327,0.0175850763916969,0.846257507801056,-0.51606696844101,0.132375404238701,-0.103763543069363,0.0840571746230125,0.991043627262115,0.00665978528559208,0.00725332880392671,-0.00236455164849758
1.34235501289368,1.33625596761703,-0.523800551891327,-0.851678907871246,0.0166120454668999,0.845346391201019,-0.517304658889771,0.133361637592316,-0.104987815022469,0.0838978365063667,0.99092823266983,0.00818919111043215,0.0142820589244366,-0.0140614174306393
1.35760098695755,1.35732901096344,-0.525221884250641,-0.850814878940582,0.0160024762153625,0.844322383403778,-0.518684506416321,0.134485065937042,-0.10612165927887,0.0841457322239876,0.990786373615265,-0.00142306124325842,0.00484638847410679,-0.00542942062020302
1.40720999240875,1.40693300962448,-0.526846051216125,-0.849807620048523,0.0161350481212139,0.843164324760437,-0.520143270492554,0.136106431484222,-0.107271745800972,0.085311621427536,0.990562796592712,-0.0022823151666671,0.00271409587003291,-0.00400505075231194
1.40904802083969,1.40878999233246,-0.528593420982361,-0.848724007606506,0.016020193696022,0.841811895370483,-0.521672308444977,0.138603046536446,-0.109278440475464,0.0867506489157677,0.990218460559845,0.000700365926604718,0.00453932676464319,-0.00904914271086454
1.4271320104599,1.42682999372482,-0.529956936836243,-0.847870767116547,0.0161540284752846,0.840745031833649,-0.52282178401947,0.140731260180473,-0.110876239836216,0.0881629213690758,0.989916026592255,0.00705978833138943,0.0082544544711709,-0.00251560378819704
1.44635599851608,1.44608598947525,-0.531514108181,-0.846868813037872,0.0174966976046562,0.839741170406342,-0.524108171463013,0.141935080289841,-0.111030228435993,0.0901331901550293,0.989721298217773,-0.00571192149072886,0.00451442738994956,0.00302698789164424
1.47179198265076,1.47149097919464,-0.533585608005524,-0.845532655715942,0.0189987234771252,0.838481664657593,-0.525931000709534,0.142636105418205,-0.110611453652382,0.0920386463403702,0.989592850208282,-0.0132278399541974,0.00521544786170125,-0.00412053754553199
1.49031901359558,1.49004799127579,-0.535749852657318,-0.844160318374634,0.0191162712872028,0.837141513824463,-0.528065621852875,0.142621383070946,-0.110300675034523,0.0924124121665955,0.989592671394348,-0.00474847434088588,0.00900017376989126,-0.00479206768795848
1.51243698596954,1.51216799020767,-0.537802159786224,-0.84286892414093,0.0184635706245899,0.835903763771057,-0.530252516269684,0.141764417290688,-0.109698459506035,0.0916749760508537,0.989728212356567,0.00581403262913227,0.00654102442786098,-0.00467180507257581
1.53445202112198,1.53418296575546,-0.539482295513153,-0.841795802116394,0.0184065587818623,0.83484673500061,-0.531930267810822,0.141708701848984,-0.109498783946037,0.0918159782886505,0.989737272262573,0.00528399692848325,0.00578339863568544,-0.0117123238742352
1.55698198080063,1.556744992733,-0.540970087051392,-0.840819418430328,0.0193381421267986,0.833789646625519,-0.533150613307953,0.143336042761803,-0.110209584236145,0.0936644524335861,0.989485144615173,0.00201941793784499,0.00184129388071597,-0.0211655087769032
1.57807302474976,1.57780200242996,-0.54245001077652,-0.839831709861755,0.0207580588757992,0.832752346992493,-0.534290790557861,0.145110338926315,-0.110777407884598,0.0960014164447784,0.989197731018066,-0.00968322344124317,0.00230332766659558,-0.0126638701185584
1.60070198774338,1.60030496120453,-0.543914675712585,-0.838834464550018,0.0226643718779087,0.83182018995285,-0.535413265228271,0.146314114332199,-0.110598504543304,0.098435066640377,0.988978505134583,-0.00315349549055099,0.00413270900025964,-0.00856481678783894
1.62287503480911,1.62262099981308,-0.545462787151337,-0.83778178691864,0.0243317037820816,0.830849051475525,-0.536673545837402,0.147212371230125,-0.110273659229279,0.100514836609364,0.988805592060089,-0.00820003356784582,0.00390181737020612,-0.0104314740747213
1.64445000886917,1.64419996738434,-0.547096073627472,-0.836713969707489,0.0244064480066299,0.829736173152924,-0.538221180438995,0.147837162017822,-0.110561355948448,0.101132035255432,0.988710522651672,-0.00342558650299907,0.00136804766952991,-0.00842082407325506
1.66648900508881,1.6662489771843,-0.548977434635162,-0.835484266281128,0.0242879055440426,0.828490376472473,-0.540077984333038,0.148052647709846,-0.110578283667564,0.101399853825569,0.988681197166443,-0.00679424405097961,0.00483365263789892,-0.00257551553659141
1.68766498565674,1.68743097782135,-0.551085412502289,-0.834078252315521,0.0248700343072414,0.827146947383881,-0.542086124420166,0.148225143551826,-0.110149651765823,0.102255865931511,0.988640904426575,-0.00605952786281705,0.00157291151117533,-0.00659837666898966
1.71156698465347,1.71127998828888,-0.553284883499146,-0.832609057426453,0.0252603553235531,0.825730443000793,-0.544213891029358,0.14832603931427,-0.10975056886673,0.102924793958664,0.988615870475769,-0.00817165430635214,0.00431358907371759,-0.0224620290100574
1.73251700401306,1.73210698366165,-0.555007457733154,-0.831475615501404,0.0247997231781483,0.824571371078491,-0.545975744724274,0.148298591375351,-0.109766617417336,0.102755963802338,0.98863160610199,0.00691642099991441,0.00517114996910095,-0.0276037212461233
1.75536203384399,1.7549039721489,-0.556275606155396,-0.830655157566071,0.0238671898841858,0.823632538318634,-0.547302186489105,0.148626714944839,-0.110394969582558,0.102335192263126,0.988605320453644,0.011278685182333,0.00116576347500086,-0.0234949085861444
1.77570700645447,1.77541297674179,-0.557070255279541,-0.830148696899414,0.0229319594800472,0.822961807250977,-0.548122823238373,0.149316266179085,-0.111385181546211,0.102051772177219,0.988523542881012,0.0127543415874243,0.000558338535483927,-0.0100268814712763
1.79719799757004,1.79690396785736,-0.557559609413147,-0.829836249351501,0.0223408155143261,0.82253634929657,-0.54862117767334,0.149829059839249,-0.112076938152313,0.101914763450623,0.988459467887878,0.0146198617294431,0.000750688603147864,-0.0043078544549644
1.82084399461746,1.82042598724365,-0.557814955711365,-0.829664826393127,0.0223370417952538,0.822372794151306,-0.548879742622375,0.149780407547951,-0.112007178366184,0.101919122040272,0.988466918468475,0.0081311110407114,0.000915661745239049,-0.00982407853007317
1.84315401315689,1.8428949713707,-0.558112502098083,-0.829456090927124,0.0226510502398014,0.822147488594055,-0.549092054367065,0.150238141417503,-0.112178429961205,0.10247229039669,0.988390326499939,0.000342705840012059,-0.00447071483358741,-0.0246101655066013
1.86478900909424,1.86443597078323,-0.558554530143738,-0.829164206981659,0.022440928965807,0.821725904941559,-0.549450874328613,0.15122926235199,-0.11306369304657,0.102910079061985,0.988243937492371,-0.000370958907296881,-0.00505125848576427,-0.0251532606780529
1.88716298341751,1.88689798116684,-0.558896601200104,-0.828947722911835,0.021916177123785,0.821354925632477,-0.549755096435547,0.152136534452438,-0.114064708352089,0.103029541671276,0.988116443157196,0.00754239317029715,-0.00473907217383385,-0.0147979604080319
1.90929698944092,1.90893298387527,-0.558817505836487,-0.829015851020813,0.0213502757251263,0.821277618408203,-0.54966413974762,0.152880862355232,-0.115005165338516,0.102967008948326,0.988013982772827,0.0144990803673863,0.0015747103607282,-0.00852228328585625
1.93109500408173,1.93069195747375,-0.558856606483459,-0.829009711742401,0.020550761371851,0.821115076541901,-0.549728989601135,0.153519317507744,-0.115971654653549,0.102669820189476,0.987931907176971,0.00623802142217755,0.000763587944675237,0.00543375359848142
1.95308202505112,1.95273399353027,-0.558975577354431,-0.82893168926239,0.0204622410237789,0.820967435836792,-0.549802362918854,0.154045060276985,-0.116442650556564,0.102906242012978,0.987851917743683,0.0164186581969261,-0.00148777069989592,0.00701695866882801
1.97588098049164,1.97495800256729,-0.558839619159698,-0.829023480415344,0.0204577408730984,0.820989370346069,-0.54960834980011,0.154619723558426,-0.11693961918354,0.10320320725441,0.987762212753296,0.0193285942077637,0.00334408832713962,-0.00334189622662961
1.99689900875092,1.99653500318527,-0.558398842811584,-0.829326868057251,0.0201920829713345,0.821067094802856,-0.549033343791962,0.156241104006767,-0.118488803505898,0.10382391512394,0.987512528896332,0.0139512419700623,-0.0076382914558053,-0.0111446958035231
2.01942801475525,2.01894497871399,-0.558294832706451,-0.829400718212128,0.0200346671044827,0.820839941501617,-0.548701584339142,0.158582508563995,-0.120535388588905,0.104981034994125,0.987142443656921,-0.00624096300452948,-0.0231649242341518,0.0144098969176412
2.04148000478745,2.04099297523499,-0.559188187122345,-0.828796863555908,0.0201136097311974,0.820203542709351,-0.549531579017639,0.159001052379608,-0.120726503431797,0.105408757925034,0.987073481082916,-0.0147374682128429,-0.0344346202909946,0.0203224085271358
2.06730598211288,2.06685596704483,-0.561068713665009,-0.827533543109894,0.0197525508701801,0.819073736667633,-0.551567077636719,0.157771557569504,-0.119666397571564,0.104699470102787,0.987278044223785,-0.01580042950809,-0.0380902662873268,0.00200279522687197
2.08450102806091,2.08425998687744,-0.563277781009674,-0.82606714963913,0.0182013362646103,0.81769722700119,-0.55413544178009,0.155901417136192,-0.11869902908802,0.102698989212513,0.987604916095734,-0.00502253975719213,-0.0385413318872452,-0.0241443570703268
2.10716199874878,2.10664200782776,-0.565314412117004,-0.824718475341797,0.0160935632884502,0.816329598426819,-0.556549906730652,0.154460817575455,-0.118429824709892,0.100456565618515,0.987867832183838,0.000499076850246638,-0.0300026852637529,-0.0251631736755371
2.1324400305748,2.13213896751404,-0.566714107990265,-0.823798358440399,0.0138347782194614,0.815228283405304,-0.558228552341461,0.154219552874565,-0.11932285130024,0.0986769050359726,0.987939715385437,0.00947076641023159,-0.0305338576436043,-0.000738240021746606
2.15116101503372,2.15087896585464,-0.567811608314514,-0.823063492774963,0.0125134140253067,0.814318776130676,-0.55942714214325,0.15468093752861,-0.120311886072159,0.098019540309906,0.987885236740112,0.00212217727676034,-0.0271885674446821,0.0200049784034491
2.17297101020813,2.17268699407578,-0.5682772397995,-0.822735071182251,0.0129620507359505,0.813911437988281,-0.559729039669037,0.155729413032532,-0.120868809521198,0.0990474298596382,0.98771470785141,-0.00544004794210196,-0.0193804576992989,0.0314921699464321
2.19671201705933,2.19639700651169,-0.567472994327545,-0.823266088962555,0.0144033394753933,0.814504444599152,-0.55869859457016,0.156328469514847,-0.120652809739113,0.100443750619888,0.987600088119507,0.00356959528289735,-0.0202614907175303,0.0415399186313152
2.21716398000717,2.21689200401306,-0.565103352069855,-0.824878513813019,0.0152916833758354,0.816384613513947,-0.556417465209961,0.154647812247276,-0.119057081639767,0.099875882267952,0.987851321697235,-0.0121588744223118,-0.0363922342658043,0.064892940223217
2.23954701423645,2.23927396535873,-0.561614692211151,-0.827236235141754,0.0164105035364628,0.819166243076324,-0.553126215934753,0.15171754360199,-0.116429179906845,0.0986497104167938,0.988287627696991,-0.0230182092636824,-0.0658575221896172,0.0671450719237328
2.27547001838684,2.27517998218536,-0.557652473449707,-0.829885900020599,0.0176972188055515,0.822648108005524,-0.549692153930664,0.145219892263412,-0.110787913203239,0.0955408066511154,0.989241123199463,-0.0425292178988457,-0.106489099562168,0.0531144104897976
2.28289198875427,2.28266298770905,-0.553570628166199,-0.832548201084137,0.0205729380249977,0.826036036014557,-0.545762836933136,0.140739113092422,-0.105944149196148,0.0949030220508575,0.989832937717438,-0.0480610951781273,-0.136329978704453,0.0102339442819357
2.30560398101807,2.30530297756195,-0.549518525600433,-0.835197150707245,0.0217987187206745,0.829332768917084,-0.542128920555115,0.135290503501892,-0.101176530122757,0.0924230292439461,0.99056613445282,-0.0495361238718033,-0.155114755034447,-0.0169716943055391
2.32946199178696,2.32918000221252,-0.545398116111755,-0.837870657444,0.022667832672596,0.832097709178925,-0.537992835044861,0.134822949767113,-0.100769050419331,0.0923940241336823,0.990610361099243,-0.0281591955572367,-0.160877123475075,-0.0067650992423296
2.34972101449966,2.34941798448563,-0.541198253631592,-0.840557277202606,0.0238312855362892,0.834720075130463,-0.533580005168915,0.136142835021019,-0.101719953119755,0.0935727059841156,0.990402519702911,-0.0134001635015011,-0.153468981385231,0.0193484667688608
2.37146103382111,2.37118899822235,-0.537510752677917,-0.84285581111908,0.0260042324662209,0.837281346321106,-0.529783308506012,0.135239273309708,-0.100210599601269,0.0944654196500778,0.990471661090851,-0.0247770193964243,-0.152617782354355,0.0315941013395786
2.4021270275116,2.4018389582634,-0.533498287200928,-0.845325887203217,0.0283510833978653,0.839633285999298,-0.525269508361816,0.138231500983238,-0.101958692073822,0.0975507795810699,0.989994049072266,-0.0206906571984291,-0.138532415032387,0.0359230302274227
2.41535800695419,2.41508996486664,-0.528863549232483,-0.84818696975708,0.0297020301222801,0.842641115188599,-0.520585358142853,0.137647569179535,-0.101288430392742,0.0978249311447144,0.990035831928253,0.0374687500298023,-0.140443861484528,0.0570371672511101
2.43769699335098,2.43743395805359,-0.525857388973236,-0.850032567977905,0.0303099229931831,0.844252824783325,-0.517282724380493,0.140198618173599,-0.103494592010975,0.0993137210607529,0.989659368991852,-0.0382935926318169,-0.118224233388901,0.056355532258749
2.46052801609039,2.45900398492813,-0.523185729980469,-0.851710259914398,0.0294317789375782,0.845918118953705,-0.514816224575043,0.139236241579056,-0.10343699157238,0.0977432876825333,0.98982173204422,-0.0253930538892746,-0.109466753900051,0.0545647628605366
2.4815199971199,2.48126798868179,-0.520574033260345,-0.85335648059845,0.0280280560255051,0.847377419471741,-0.512345552444458,0.139476731419563,-0.104663327336311,0.0963582843542099,0.989828586578369,-0.00903554726392031,-0.110111281275749,0.0766663774847984
2.50334101915359,2.50304597616196,-0.51770681142807,-0.855193138122559,0.0249872915446758,0.849316477775574,-0.510189294815063,0.135530397295952,-0.103156417608261,0.0913871303200722,0.990458071231842,-0.00986377988010645,-0.128370359539986,0.0805306807160378
2.52636003494263,2.52510398626328,-0.514602899551392,-0.857097208499908,0.0238381400704384,0.851159512996674,-0.507287085056305,0.134860008955002,-0.103495351970196,0.0896894112229347,0.990577876567841,0.00235376413911581,-0.165432959794998,0.0393297038972378
2.54782497882843,2.54756796360016,-0.511072635650635,-0.859215021133423,0.0235486701130867,0.8531494140625,-0.503749787807465,0.135545283555984,-0.104599915444851,0.0893639996647835,0.990491271018982,-0.00565665448084474,-0.165708988904953,0.016980517655611
2.5694460272789,2.56918895244598,-0.507273375988007,-0.861473500728607,0.0231805257499218,0.855672776699066,-0.500295102596283,0.132397055625916,-0.10245943069458,0.086996428668499,0.990925669670105,-0.00829835422337055,-0.176440849900246,-0.00115501706022769
2.59251302480698,2.59222197532654,-0.503247737884521,-0.863843023777008,0.0227399431169033,0.857889831066132,-0.496273636817932,0.133182853460312,-0.103763833642006,0.086532324552536,0.990830600261688,-0.00864738039672375,-0.182429939508438,-0.027571527287364
2.61232399940491,2.61206495761871,-0.497829049825668,-0.867021083831787,0.0209940373897552,0.860981345176697,-0.491160452365875,0.132183775305748,-0.104294672608376,0.0838803946971893,0.991002857685089,0.000272601027972996,-0.176959291100502,-0.0551854781806469
2.6359030008316,2.63564097881317,-0.490887135267258,-0.87104457616806,0.0176403261721134,0.864299833774567,-0.484338819980621,0.1356530636549,-0.109615981578827,0.0818368643522263,0.99059933423996,0.0023815322201699,-0.1502356082201,-0.0431683547794819
2.65900498628616,2.65733999013901,-0.483117371797562,-0.875418663024902,0.0154882557690144,0.868551135063171,-0.476944237947464,0.134697139263153,-0.110529348254204,0.0785268694162369,0.990765750408173,-0.00842226389795542,-0.145606815814972,-0.032076645642519
2.68057602643967,2.68023997545242,-0.474439114332199,-0.880167067050934,0.0146127194166183,0.87319427728653,-0.468447655439377,0.134494081139565,-0.111531972885132,0.076568990945816,0.990806639194489,-0.0046743918210268,-0.14751885831356,-0.0722274109721184
2.70177501440048,2.70141297578812,-0.465058863162994,-0.88518363237381,0.0130471214652061,0.878318607807159,-0.459507316350937,0.131944671273232,-0.110800020396709,0.0728215649724007,0.99117124080658,-0.0203543715178967,-0.140027970075607,-0.131753593683243
2.72594302892685,2.723876953125,-0.456707864999771,-0.889547348022461,0.0111144706606865,0.882849454879761,-0.451660245656967,0.128762811422348,-0.10952065885067,0.0686193853616714,0.991613149642944,-0.0543304793536663,-0.0994476303458214,-0.213236108422279
2.74660497903824,2.74615198373795,-0.450426459312439,-0.892800271511078,0.00485308095812798,0.886276066303253,-0.446465104818344,0.123221687972546,-0.107845634222031,0.0598034784197807,0.992367327213287,-0.0611564442515373,-0.0544211342930794,-0.256091564893723
2.76879101991653,2.76793497800827,-0.445481061935425,-0.895261466503143,-0.0073254220187664,0.888767182826996,-0.443205893039703,0.116882711648941,-0.107887253165245,0.0455584339797497,0.993118703365326,-0.0369274690747261,-0.00497397501021624,-0.283294260501862
2.79562002420425,2.78930598497391,-0.439982056617737,-0.897829115390778,-0.0178541503846645,0.891153633594513,-0.438989669084549,0.114600956439972,-0.110729858279228,0.0345115773379803,0.993251144886017,-0.00595229119062424,0.0300062317401171,-0.304707229137421
2.81386601924896,2.81313699483871,-0.433732122182846,-0.900809526443481,-0.0204602926969528,0.893450736999512,-0.432908445596695,0.119733542203903,-0.116714552044868,0.0336520224809647,0.992595195770264,0.0166338235139847,0.0662362352013588,-0.294270008802414
2.8347470164299,2.83404296636581,-0.427095651626587,-0.90401691198349,-0.0185123383998871,0.895713627338409,-0.425794929265976,0.128046318888664,-0.123638495802879,0.0381062664091587,0.991595387458801,0.0377773307263851,0.0770361870527267,-0.21062932908535
2.86026602983475,2.85650998353958,-0.41960808634758,-0.907551765441895,-0.0166996121406555,0.898523569107056,-0.417903453111649,0.13420906662941,-0.128780499100685,0.0413101986050606,0.990812301635742,0.0510799251496792,0.0613025687634945,-0.125383362174034
2.879370033741,2.87851101160049,-0.412462383508682,-0.910749554634094,-0.0202501565217972,0.901035666465759,-0.41113618016243,0.138208985328674,-0.134199351072311,0.0387598946690559,0.990196049213409,0.00749031780287623,0.0769602134823799,0.00165539421141148
2.89985102415085,2.89916497468948,-0.406859189271927,-0.913044154644012,-0.0285660922527313,0.902602970600128,-0.406626969575882,0.141288205981255,-0.140618115663528,0.0317005626857281,0.98955625295639,-0.0182206351310015,0.0690378472208977,0.101021729409695
2.93001300096512,2.92975300550461,-0.402838498353958,-0.914587616920471,-0.0353646799921989,0.903439879417419,-0.403526812791824,0.144784703850746,-0.146688878536224,0.0263749845325947,0.988830983638763,-0.0161386057734489,0.0774629190564156,0.154541447758675
2.94407600164413,2.94383496046066,-0.400084137916565,-0.915724992752075,-0.0371538735926151,0.903856158256531,-0.40095466375351,0.149262771010399,-0.151580676436424,0.02613590285182,0.988099277019501,0.0315106734633446,0.0892041772603989,0.153824999928474
2.96575099229813,2.96552300453186,-0.398610919713974,-0.916422605514526,-0.0357638895511627,0.903885722160339,-0.399160832166672,0.15382282435894,-0.155242249369621,0.0289889872074127,0.987451016902924,0.0469997823238373,0.0868214815855026,0.105096265673637
2.98856800794601,2.9882949590683,-0.398230195045471,-0.916615009307861,-0.035066045820713,0.903639912605286,-0.398588627576828,0.156722813844681,-0.157631427049637,0.0307246819138527,0.987019896507263,0.0552354715764523,0.0915067568421364,0.0489858649671078
3.00999903678894,3.00957900285721,-0.398735165596008,-0.916224241256714,-0.0392879955470562,0.903647541999817,-0.399841964244843,0.153452396392822,-0.15630578994751,0.0256843641400337,0.987374722957611,0.0610538013279438,0.0992531850934029,0.0133299073204398
3.03098702430725,3.03071999549866,-0.400269567966461,-0.915283799171448,-0.0451657958328724,0.903624773025513,-0.402411103248596,0.146723479032516,-0.152468830347061,0.0179160088300705,0.988145887851715,0.0610201209783554,0.104822844266891,-0.000150632462464273
3.05572599172592,3.05547797679901,-0.400987148284912,-0.914866268634796,-0.0472146682441235,0.90364545583725,-0.403481245040894,0.143624231219292,-0.150447174906731,0.0149261355400085,0.988505363464355,0.0849722251296043,0.0937432423233986,-0.0154314022511244
3.07616102695465,3.07587099075317,-0.399821490049362,-0.91523802280426,-0.0498210676014423,0.90426778793335,-0.402745813131332,0.141758948564529,-0.149808406829834,0.0116266831755638,0.988646686077118,0.107741184532642,0.0971575006842613,-0.00293046562001109
3.097796022892,3.09751898050308,-0.397820830345154,-0.916272342205048,-0.0467279367148876,0.904478967189789,-0.400220096111298,0.147450298070908,-0.153806090354919,0.0163943618535995,0.987965047359467,0.101785853505135,0.0978134572505951,0.0377544648945332
3.12170702219009,3.12140101194382,-0.395169347524643,-0.917444586753845,-0.0462244376540184,0.905295133590698,-0.397484868764877,0.149821951985359,-0.155826836824417,0.017358273267746,0.987631857395172,0.0956365242600441,0.0770375281572342,0.0826483368873596
3.14236497879028,3.14208799600601,-0.390587568283081,-0.919577658176422,-0.0426406636834145,0.907234013080597,-0.392372459173203,0.151559308171272,-0.156101584434509,0.020512118935585,0.987528026103973,0.0823593288660049,0.0643705874681473,0.122385181486607
3.16410601139069,3.16381698846817,-0.38486522436142,-0.922148883342743,-0.0389905460178852,0.909686625003815,-0.386128515005112,0.152888879179955,-0.156041666865349,0.0233724266290665,0.987473905086517,0.0699877217411995,0.0429645590484142,0.135529950261116
3.18789303302765,3.18760895729065,-0.379701763391495,-0.924479842185974,-0.0341124087572098,0.912090063095093,-0.380268096923828,0.153257563710213,-0.154655382037163,0.0270785689353943,0.987597346305847,0.0575471371412277,0.0142805110663176,0.1535824239254
3.20799601078033,3.20771795511246,-0.375161677598953,-0.926546454429626,-0.0276655182242393,0.914394021034241,-0.374808818101883,0.15297657251358,-0.152109175920486,0.0320937559008598,0.987842500209808,0.0563951469957829,-0.00461619487032294,0.146396562457085
3.22939902544022,3.22914201021194,-0.370854914188385,-0.928469777107239,-0.0202611535787582,0.916527271270752,-0.369429975748062,0.153294965624809,-0.149814814329147,0.0382802821695805,0.987972736358643,0.0655542761087418,-0.0343118533492088,0.104122646152973
3.25396001338959,3.25367599725723,-0.367166757583618,-0.930067360401154,-0.0127785056829453,0.918320119380951,-0.36464536190033,0.154019042849541,-0.147907704114914,0.0448159016668797,0.987985253334045,0.0602042749524117,-0.0517915077507496,0.0739990398287773
3.27458399534225,3.27425795793533,-0.364887565374374,-0.931019961833954,-0.00768643617630005,0.918843924999237,-0.361423492431641,0.158426597714424,-0.150276377797127,0.0507452487945557,0.987340867519379,0.0398752056062222,-0.0624138601124287,0.0337885953485966
3.29642200469971,3.29615199565887,-0.364520341157913,-0.931190967559814,-0.00288593769073486,0.918641328811646,-0.3601114153862,0.162535905838013,-0.152391225099564,0.0565964877605438,0.986698389053345,0.0353983640670776,-0.0708930492401123,0.00767924450337887
3.32969599962234,3.32938796281815,-0.366706937551498,-0.93033641576767,-0.000521197915077209,0.916996777057648,-0.361543327569962,0.168533250689507,-0.15698105096817,0.0613243617117405,0.985695838928223,0.0307745728641748,-0.0584412440657616,0.0123834544792771
3.34019500017166,3.33986496925354,-0.371901571750641,-0.928266644477844,0.00322099030017853,0.915091156959534,-0.366035878658295,0.169192105531693,-0.155876383185387,0.0658703148365021,0.985577821731567,0.0199751388281584,-0.0444767139852047,-0.00862383190542459
3.36216801404953,3.3618980050087,-0.380243867635727,-0.924857020378113,0.00735994428396225,0.912236571311951,-0.373719751834869,0.167803630232811,-0.152443826198578,0.0705202966928482,0.985792994499207,0.010152293369174,-0.0288821551948786,-0.0836955606937408
3.38646298646927,3.38617998361588,-0.391045778989792,-0.920278906822205,0.0130367577075958,0.908727407455444,-0.383813798427582,0.164016932249069,-0.145937636494637,0.0759849846363068,0.986371397972107,-0.00722691975533962,-0.00740030175074935,-0.184847503900528
3.4054080247879,3.40516597032547,-0.401888310909271,-0.915520250797272,0.0175632387399673,0.904616057872772,-0.39398181438446,0.162628933787346,-0.141970485448837,0.0812466442584991,0.986530959606171,0.00999487936496735,0.00917128939181566,-0.276744157075882
3.42886698246002,3.42790198326111,-0.411629915237427,-0.91113692522049,0.0197591632604599,0.900289714336395,-0.403170466423035,0.16411030292511,-0.141560629010201,0.0853416696190834,0.986244082450867,0.0240468848496675,0.0401021130383015,-0.245018124580383
3.45081299543381,3.4505529999733,-0.421629369258881,-0.906430065631866,0.0247677676379681,0.896049678325653,-0.412302613258362,0.164625883102417,-0.139010012149811,0.0916042402386665,0.986045062541962,0.0114773595705628,0.0264880508184433,-0.220055386424065
3.47256302833557,3.4723339676857,-0.43215936422348,-0.901273488998413,0.0307308919727802,0.891969919204712,-0.422184497117996,0.161709204316139,-0.132770106196404,0.0972951799631119,0.986359834671021,0.00302092987112701,0.0153316361829638,-0.230070814490318
3.49404799938202,3.49377501010895,-0.440844029188156,-0.896957397460938,0.0335251428186893,0.888683795928955,-0.430921614170074,0.156676769256592,-0.126085683703423,0.098863273859024,0.987080752849579,-0.003095947438851,0.0160822942852974,-0.217005535960197
3.51739603281021,3.51710498332977,-0.447750508785248,-0.893470048904419,0.0350820682942867,0.886014580726624,-0.438047468662262,0.151962712407112,-0.120406523346901,0.0991245955228806,0.987763404846191,-0.0129373483359814,0.00651593459770083,-0.189146980643272
3.5389090180397,3.53863900899887,-0.455455541610718,-0.889438211917877,0.0382089242339134,0.88260155916214,-0.445505231618881,0.150132060050964,-0.116510920226574,0.102101735770702,0.987927317619324,-0.076903373003006,-0.0108786672353745,-0.199999898672104
3.56058698892593,3.56013196706772,-0.461338639259338,-0.886451661586761,0.0370172932744026,0.87908262014389,-0.451067805290222,0.154116362333298,-0.119919382035732,0.10364107042551,0.987359046936035,-0.0251164976507425,0.0461451560258865,-0.168616309762001
3.58325499296188,3.58279401063919,-0.461000561714172,-0.886825680732727,0.0319172777235508,0.877745389938354,-0.45039901137352,0.163412928581238,-0.130543276667595,0.103348694741726,0.986041307449341,0.0527302622795105,0.120200045406818,-0.0397460237145424
3.60406202077866,3.60380095243454,-0.456421971321106,-0.88929146528244,0.028979267925024,0.878784835338593,-0.445450484752655,0.171205148100853,-0.139342442154884,0.103608325123787,0.984809100627899,0.0468473099172115,0.151063546538353,0.11737747490406
3.62670302391052,3.62636500597,-0.451612949371338,-0.891529262065887,0.0349469892680645,0.880836427211761,-0.439276546239853,0.176531344652176,-0.142031475901604,0.110506415367126,0.98367440700531,-0.0240587498992682,0.153643161058426,0.219849973917007
