timestamp,ts,m11,m12,m13,m21,m22,m23,m31,m32,m33,ax,ay,az
0.167396008968353,0.162589013576508,0.99906986951828,0.006003278773278,-0.0427000895142555,0.0127648953348398,0.904699802398682,0.425858348608017,0.0411873087286949,-0.426007300615311,0.903781712055206,0.0041596507653594,-0.0580894276499748,0.00384885305538774
0.180828988552094,0.180471003055573,0.999427318572998,-0.00715611595660448,-0.0330724455416203,0.0203668028116226,0.907730400562286,0.419059246778488,0.0270220264792442,-0.419492870569229,0.907356321811676,-0.0115575511008501,0.0356364324688911,-0.0187758598476648
0.203219950199127,0.202715992927551,0.99970006942749,-0.0141401328146458,-0.0199965555220842,0.0211184583604336,0.911180138587952,0.411466658115387,0.0124022709205747,-0.411765515804291,0.911205410957336,0.0463333986699581,0.121915869414806,-0.00770936673507094
0.225744962692261,0.224705040454865,0.999679744243622,-0.0233004502952099,-0.00987379625439644,0.0253045186400414,0.915912091732025,0.400580435991287,-0.00029017636552453,-0.400702029466629,0.916208386421204,0.0541215650737286,-0.0326013006269932,0.00356495007872581
0.246394991874695,0.245856046676636,0.999287664890289,-0.0377332083880901,-0.000583968125283718,0.0351902581751347,0.926130473613739,0.375558167695999,-0.0136301852762699,-0.375311225652695,0.926798641681671,-0.0294078215956688,-0.0636965706944466,-0.0249073021113873
0.273258984088898,0.272453010082245,0.998918771743774,-0.0464505031704903,0.00191654451191425,0.0429260805249214,0.937386870384216,0.345634460449219,-0.0178514383733273,-0.345178484916687,0.938367307186127,-0.0361693911254406,-0.0184707660228014,0.0568517744541168
0.291682004928589,0.291169047355652,0.998935103416443,-0.0460682362318039,-0.00251811509951949,0.044300265610218,0.942490696907043,0.331283539533615,-0.0128883477300406,-0.331042319536209,0.94352787733078,0.0164333004504442,0.160919159650803,0.0533148758113384
0.313955008983612,0.312933027744293,0.998842120170593,-0.0481081195175648,0.000107250176370144,0.0453997664153576,0.943342864513397,0.328699082136154,-0.0159142687916756,-0.328313618898392,0.944434702396393,0.0771183595061302,0.0582522973418236,-0.0258259177207947
0.335211992263794,0.334582030773163,0.998607873916626,-0.0525132231414318,0.00496166944503784,0.0480351559817791,0.944230914115906,0.325761526823044,-0.0217917487025261,-0.325069695711136,0.945438981056213,0.0533320307731628,-0.0209639333188534,-0.00396290607750416
0.358056962490082,0.357562005519867,0.998292088508606,-0.0581337139010429,0.00577355455607176,0.0533328354358673,0.947239220142365,0.316059231758118,-0.0238426327705383,-0.315211534500122,0.948721885681152,-0.00815771985799074,0.0515328720211983,0.0390234030783176
0.378600001335144,0.378023028373718,0.997957408428192,-0.0638826265931129,-0.000170775689184666,0.0609823577105999,0.951847016811371,0.300446957349777,-0.0190307907760143,-0.299843698740005,0.953798472881317,-0.00490100029855967,-0.0044541391544044,-0.0216043312102556
0.415229976177216,0.414844036102295,0.997880220413208,-0.0641680136322975,-0.0108392965048552,0.0646006986498833,0.956622302532196,0.284078449010849,-0.00785963796079159,-0.284176498651505,0.958739757537842,0.0117894876748323,0.0202997829765081,-0.0264744702726603
0.423877954483032,0.423418045043945,0.997999250888824,-0.0609437637031078,-0.0168314911425114,0.0632244646549225,0.960582375526428,0.270710587501526,-0.000330087728798389,-0.271233141422272,0.962513625621796,0.0375050567090511,0.0769239664077759,0.0159956812858582
0.444817006587982,0.444447994232178,0.998097598552704,-0.059649046510458,-0.0155949797481298,0.0616509206593037,0.963077366352081,0.262070804834366,-0.000613103155046701,-0.262533694505692,0.964922606945038,0.0322413258254528,0.0346080474555492,0.0138880843296647
0.467257976531982,0.46669203042984,0.998088121414185,-0.0604628920555115,-0.0128182452172041,0.0617271438241005,0.964610755443573,0.256350994110107,-0.00313510559499264,-0.256652116775513,0.966498792171478,-0.0165261309593916,-0.0110745495185256,-0.0264058969914913
0.489932954311371,0.489401996135712,0.998120605945587,-0.0598843619227409,-0.0130056506022811,0.061242051422596,0.967268586158752,0.246253818273544,-0.00216679554432631,-0.246587485074997,0.969118118286133,0.0181070193648338,0.0301283188164234,-0.00918388925492764
0.512309968471527,0.511364042758942,0.99830561876297,-0.0568802170455456,-0.0122667765244842,0.0581656657159328,0.969668567180634,0.23740191757679,-0.00160876475274563,-0.237713173031807,0.971334040164948,0.0292676463723183,0.0312861949205399,-0.000757614965550601
0.534071981906891,0.533565044403076,0.998521029949188,-0.0528691709041595,-0.0126707321032882,0.0543654263019562,0.972342014312744,0.227146282792091,0.000311249867081642,-0.227499201893806,0.973778247833252,0.0377290472388268,0.0248757712543011,-0.0153880408033729
0.555534958839417,0.555040001869202,0.998720109462738,-0.049987930804491,-0.00770112592726946,0.0504473634064198,0.973609328269958,0.222575724124908,-0.0036282108630985,-0.22267934679985,0.974884986877441,0.0337112285196781,0.0255389641970396,-0.0134572936221957
0.577488005161285,0.576999008655548,0.998812258243561,-0.0484464764595032,-0.00519559299573302,0.0484267175197601,0.975285887718201,0.215574368834496,-0.0053766299970448,-0.21556992828846,0.97647362947464,-0.00322720943950117,0.0168896857649088,-0.00961038377135992
0.599471986293793,0.598899006843567,0.998919486999512,-0.0463751032948494,-0.00302829220890999,0.0459832698106766,0.976830780506134,0.209014877676964,-0.00673495791852474,-0.208928301930428,0.977907776832581,0.00788174197077751,0.0183257907629013,-0.0178808029741049
0.621630966663361,0.620953023433685,0.999064207077026,-0.0432413034141064,-0.000925928819924593,0.0425113551318645,0.977806270122528,0.205152794718742,-0.00796569511294365,-0.205000177025795,0.978729546070099,0.0188494622707367,0.0277235880494118,-0.0158230904489756
0.643908977508545,0.643383026123047,0.999179005622864,-0.0405124761164188,-1.33085995912552e-06,0.0396958626806736,0.979031980037689,0.199801549315453,-0.00809315219521523,-0.199637576937675,0.979836404323578,0.0137163205072284,0.0197478476911783,-0.0174933280795813
0.666076958179474,0.665382027626038,0.999243974685669,-0.038807176053524,0.00234747189097106,0.0375832542777061,0.979654490947723,0.197140946984291,-0.00995019357651472,-0.19690366089344,0.980372369289398,0.00338506931439042,0.0121891535818577,-0.0132952546700835
0.688172996044159,0.687474012374878,0.999283969402313,-0.0375584252178669,0.0045745219103992,0.0359716452658176,0.980559885501862,0.19289456307888,-0.011730408295989,-0.192591890692711,0.981208801269531,0.0019194926135242,0.0126882558688521,-0.0152053562924266
0.709969997406006,0.709483027458191,0.999334037303925,-0.0360861271619797,0.00541538745164871,0.0344077795743942,0.981286585330963,0.189453735947609,-0.0121506992727518,-0.189141228795052,0.981874704360962,0.00504917697981,0.015427247621119,-0.0133645432069898
0.732626974582672,0.732118010520935,0.999378383159637,-0.034637663513422,0.00656498316675425,0.0328043438494205,0.981868863105774,0.186701506376266,-0.0129128554835916,-0.186370074748993,0.982394754886627,0.00369633035734296,0.0179240349680185,-0.0035213849041611
0.753130972385406,0.752274036407471,0.999401271343231,-0.0337260402739048,0.00772482436150312,0.0317236818373203,0.98232227563858,0.18448993563652,-0.0138103822246194,-0.184134423732758,0.9828040599823,0.00485617201775312,0.0156819596886635,0.00724862329661846
0.776838004589081,0.776030004024506,0.729566931724548,-0.683851778507233,0.00887715816497803,0.671200096607208,0.718439519405365,0.182579055428505,-0.131234705448151,-0.127245292067528,0.983151078224182,0.00275837676599622,0.0107650812715292,0.00619187345728278
0.798187971115112,0.797679007053375,0.729584872722626,-0.683803558349609,0.0108924619853497,0.671114802360535,0.71892911195755,0.180958211421967,-0.131570771336555,-0.124714285135269,0.983430445194244,-0.0105614010244608,0.00404781475663185,-0.00585786486044526
0.820560991764069,0.819974005222321,0.729792416095734,-0.683564841747284,0.0119212083518505,0.670889914035797,0.719398200511932,0.179924741387367,-0.131566315889359,-0.123309895396233,0.98360812664032,0.00664166314527392,0.0111015010625124,-0.0198556054383516
0.841430962085724,0.840897023677826,0.73002964258194,-0.683308899402618,0.0120679251849651,0.670792162418365,0.719811856746674,0.178630098700523,-0.13074617087841,-0.12231020629406,0.983842313289642,0.0141431232914329,0.0116379139944911,-0.011534295976162
0.86414098739624,0.863629043102264,0.730118632316589,-0.683205962181091,0.0125088766217232,0.670785307884216,0.720095217227936,0.177510410547256,-0.130283743143082,-0.121212892234325,0.984039425849915,0.00642061745747924,0.0105334976688027,-0.00401294929906726
0.88561999797821,0.885140001773834,0.730146110057831,-0.683176934719086,0.0124881751835346,0.670844614505768,0.720198929309845,0.176864504814148,-0.129823714494705,-0.120759308338165,0.98415595293045,0.00752906454727054,0.0102080069482327,0.00297006778419018
0.908221960067749,0.907735049724579,0.730208694934845,-0.683107912540436,0.0126072987914085,0.670766770839691,0.720280170440674,0.17682883143425,-0.129873961210251,-0.120665401220322,0.984160900115967,0.00877733808010817,0.00779197085648775,0.0046076481230557
0.930315971374512,0.929343998432159,0.730126142501831,-0.683193147182465,0.0127676613628864,0.67084139585495,0.720229148864746,0.176753640174866,-0.129952505230904,-0.1204873919487,0.984172284603119,0.00797639694064856,0.00709116132929921,0.00864740926772356
0.951554954051971,0.951041042804718,0.729695975780487,-0.683645844459534,0.0131209976971149,0.67130434513092,0.71990692615509,0.176307871937752,-0.12997804582119,-0.11984296143055,0.984247624874115,0.00454555591568351,0.00936146639287472,0.00567095773294568
0.976007997989655,0.975124001502991,0.729119777679443,-0.684264004230499,0.0129305645823479,0.671981513500214,0.719357430934906,0.17597097158432,-0.129712283611298,-0.119614809751511,0.984310448169708,0.00321071827784181,0.00290578021667898,-0.00194140209350735
0.996408998966217,0.995673000812531,0.72892552614212,-0.684476673603058,0.0126222707331181,0.672294318675995,0.71918785572052,0.175468429923058,-0.129181832075119,-0.119417533278465,0.984404146671295,0.0169710256159306,0.00513457739725709,-0.00567764975130558
1.01942199468613,1.01801401376724,0.728911697864532,-0.68449193239212,0.0125905685126781,0.67232745885849,0.719183385372162,0.175359711050987,-0.129087224602699,-0.119356766343117,0.984423935413361,0.00979820638895035,0.00823018420487642,-0.00965567026287317
1.04065996408463,1.03993302583694,0.728874981403351,-0.684524595737457,0.0129370875656605,0.672333776950836,0.7192063331604,0.175241395831108,-0.1292614787817,-0.119031026959419,0.984440505504608,0.00396492006257176,0.00542633002623916,-0.00510723516345024
1.06291699409485,1.06218099594116,0.729097843170166,-0.684286832809448,0.0129589475691319,0.672052979469299,0.719387888908386,0.175573006272316,-0.129464790225029,-0.119300805032253,0.984381139278412,0.00375789683312178,0.00143969745840877,-0.0120178060606122
1.08459097146988,1.08385699987411,0.728859484195709,-0.684545874595642,0.0126821659505367,0.672343850135803,0.719120025634766,0.175556644797325,-0.129296571016312,-0.119429334998131,0.984387636184692,-0.00359895941801369,0.0004315180121921,0.000531440833583474
1.10698300600052,1.1061720252037,0.728464782238007,-0.68494838476181,0.0135930366814137,0.672602951526642,0.718823373317719,0.175778701901436,-0.130170330405235,-0.118905879557133,0.984335839748383,-0.0124079361557961,-0.00104014237876981,0.00925345811992884
1.12967097759247,1.12887901067734,0.728312492370605,-0.685095310211182,0.0143286511301994,0.672592282295227,0.718707859516144,0.176291286945343,-0.131074458360672,-0.11875781416893,0.984233736991882,0.00730961002409458,0.00496560335159302,-0.00239955168217421
1.15020197629929,1.14931499958038,0.728229224681854,-0.685181438922882,0.0144413560628891,0.672656834125519,0.718634486198425,0.176344379782677,-0.131205946207047,-0.118705056607723,0.984222590923309,0.00652204733341932,0.00619361503049731,-0.0043180575594306
1.18319499492645,1.18087303638458,0.728208482265472,-0.685207784175873,0.0142398253083229,0.672747433185577,0.718624532222748,0.176038831472397,-0.130856245756149,-0.118613161146641,0.984280228614807,0.000842606357764453,0.0138073731213808,0.00600874144583941
1.19428098201752,1.19352400302887,0.728272795677185,-0.685164034366608,0.0130016095936298,0.672861278057098,0.718535184860229,0.175968393683434,-0.129909321665764,-0.119404718279839,0.98430997133255,0.0128947999328375,0.0110513977706432,-0.00761814694851637
1.21782499551773,1.21607804298401,0.728420317173004,-0.68501877784729,0.0123754516243935,0.672770261764526,0.718577921390533,0.176141604781151,-0.129553020000458,-0.119979277253151,0.984287023544312,0.00830135866999626,0.012369018048048,-0.00700018694624305
1.25094896554947,1.25038003921509,0.728393018245697,-0.685047507286072,0.0123902708292007,0.672733187675476,0.718494057655334,0.176624819636345,-0.129898726940155,-0.120316937565804,0.984200239181519,0.00569166243076324,0.011478940024972,-0.00237200292758644
1.26217699050903,1.26160800457001,0.728333473205566,-0.685106098651886,0.0126486569643021,0.672680079936981,0.718395411968231,0.177227228879929,-0.130506187677383,-0.120572030544281,0.984088659286499,-0.00238124933093786,0.00487919757142663,0.000507134420331568
1.28436899185181,1.28381502628326,0.728204131126404,-0.685241043567657,0.012787003070116,0.672784864902496,0.718275725841522,0.177314639091492,-0.130687862634659,-0.120518356561661,0.984071135520935,-0.00596604635939002,0.00376117369160056,0.00454843649640679
1.30441498756409,1.30389702320099,0.728025376796722,-0.685425519943237,0.0130743980407715,0.672953486442566,0.718157410621643,0.177153915166855,-0.130815282464027,-0.120174080133438,0.98409628868103,-0.00825739093124866,0.00300535978749394,0.00059106235858053
1.32540500164032,1.32515299320221,0.727658987045288,-0.685804486274719,0.0135872587561607,0.673277020454407,0.717875123023987,0.177068665623665,-0.131188422441483,-0.119697615504265,0.984104692935944,-0.0130851017311215,0.00493426574394107,-0.00260488735511899
1.34735596179962,1.34705400466919,0.727338075637817,-0.686126887798309,0.0144660882651806,0.673490107059479,0.717675566673279,0.17706735432148,-0.131872624158859,-0.119045063853264,0.98409241437912,-0.00994797516614199,0.00445993384346366,0.00458497041836381
1.36981898546219,1.36952704191208,0.727114260196686,-0.686351358890533,0.0150569193065166,0.673641264438629,0.717533767223358,0.17706698179245,-0.132333993911743,-0.118604965507984,0.984083652496338,-0.00184982130303979,0.00905244704335928,0.00468298839405179
1.39209997653961,1.39122700691223,0.72674947977066,-0.686720311641693,0.0158209092915058,0.673947393894196,0.717305779457092,0.176825478672981,-0.132778078317642,-0.117845371365547,0.984115064144135,-0.00635011028498411,0.00482840370386839,0.00442450819537044
1.41354298591614,1.41325300931931,0.726398229598999,-0.687078297138214,0.0164029598236084,0.674261152744293,0.717063903808594,0.176610559225082,-0.133107244968414,-0.117229729890823,0.984144151210785,-6.12729782005772e-05,0.00540694827213883,-0.000627606175839901
1.4363380074501,1.43547004461288,0.726306736469269,-0.687170207500458,0.0166025124490261,0.674338757991791,0.717009663581848,0.176534488797188,-0.133213385939598,-0.117022477090359,0.984154403209686,0.00550936721265316,0.0102136805653572,-0.00781945046037436
1.45739197731018,1.45711004734039,0.726372122764587,-0.687100410461426,0.0166305489838123,0.674253225326538,0.717065930366516,0.176632478833199,-0.133289441466331,-0.117087714374065,0.984136343002319,0.00762786157429218,0.00822121743112803,-0.0099889962002635
1.4796530008316,1.47934299707413,0.726399481296539,-0.687070310115814,0.0166789405047894,0.674202501773834,0.717085719108582,0.176745846867561,-0.133397042751312,-0.117143109440804,0.984115183353424,0.00554002122953534,0.0069307810626924,-0.00918619520962238
1.50170600414276,1.50142401456833,0.72640597820282,-0.687063753604889,0.0166640989482403,0.674208104610443,0.717099130153656,0.17666982114315,-0.13333323597908,-0.117098942399025,0.984129071235657,-0.00326387910172343,0.00757191795855761,0.0014936012448743
1.52412098646164,1.52384001016617,0.726492583751678,-0.68696117401123,0.0171117894351482,0.673992037773132,0.717189252376556,0.177128106355667,-0.133952513337135,-0.11714905500412,0.984039008617401,0.0035314669366926,0.00336100975982845,-0.00183132546953857
1.54646795988083,1.54618704319,0.726800501346588,-0.686637103557587,0.0170467421412468,0.673651874065399,0.717458248138428,0.177332550287247,-0.133993417024612,-0.11740180850029,0.984003365039825,0.0101802889257669,0.00661720847710967,0.00397709803655744
1.56773895025253,1.56743502616882,0.72716212272644,-0.68626481294632,0.0166070461273193,0.673364102840424,0.717778921127319,0.177127659320831,-0.133476659655571,-0.117617942392826,0.984047770500183,0.00342344818636775,0.00458125863224268,0.00191580737009645
1.58974599838257,1.58945804834366,0.727433919906616,-0.685972511768341,0.0167801193892956,0.673010647296906,0.718029499053955,0.177455306053162,-0.1337780803442,-0.117793820798397,0.983985781669617,0.00329135195352137,0.00121630087960511,-0.00498210312798619
1.61178296804428,1.61150103807449,0.727590799331665,-0.685796678066254,0.0171644613146782,0.67277318239212,0.718218386173248,0.177591353654861,-0.134119391441345,-0.117666035890579,0.983954608440399,0.00123429240193218,0.000421549193561077,-0.002007293747738
1.63429695367813,1.63393104076385,0.727817714214325,-0.685553133487701,0.017270315438509,0.672506511211395,0.718443095684052,0.17769230902195,-0.134225264191628,-0.117713198065758,0.98393452167511,0.00272868806496263,-0.00344477547332644,-0.00756631372496486
1.65519398450851,1.65490901470184,0.728134214878082,-0.685224711894989,0.0169621668756008,0.672140896320343,0.71864378452301,0.178263306617737,-0.134340167045593,-0.118398636579514,0.983836591243744,0.00235950737260282,-0.00122583808843046,-0.0134930983185768
1.67879295349121,1.67851001024246,0.728485703468323,-0.684855401515961,0.0167857781052589,0.671759188175201,0.718931257724762,0.17854255437851,-0.134343653917313,-0.118789702653885,0.983789026737213,0.00381580856628716,0.00180000357795507,-0.0044922512024641
1.70028400421143,1.69998699426651,0.728724598884583,-0.684600830078125,0.0167965516448021,0.671503782272339,0.719164490699768,0.178563803434372,-0.13432440161705,-0.118844896554947,0.983784973621368,7.29200764908455e-05,-0.00193241669330746,-0.00127668597269803
1.72194796800613,1.7216579914093,0.728943645954132,-0.684368491172791,0.0167615972459316,0.671240925788879,0.719341218471527,0.178839951753616,-0.134449735283852,-0.119113177061081,0.983735382556915,0.00116711563896388,0.00228051794692874,-0.00352352182380855
1.74382799863815,1.7435610294342,0.729120492935181,-0.684166848659515,0.0172942467033863,0.670957386493683,0.719567656517029,0.178993433713913,-0.134905755519867,-0.118904083967209,0.98369824886322,0.00209649302996695,0.00371573260053992,-0.00320970360189676
1.76508295536041,1.76481503248215,0.729644000530243,-0.683611452579498,0.0171754471957684,0.670374691486359,0.720021963119507,0.179349094629288,-0.134971782565117,-0.119347006082535,0.983635544776917,0.00864578690379858,0.00317110680043697,-0.0203317273408175
1.78852999210358,1.78825199604034,0.730351805686951,-0.682862877845764,0.0168719291687012,0.669614434242249,0.720623731613159,0.179772049188614,-0.134917959570885,-0.119999140501022,0.983563601970673,0.0126757621765137,0.00798860564827919,-0.0185878928750753
1.80852496623993,1.80824702978134,0.731019377708435,-0.68214362859726,0.017048355191946,0.668813169002533,0.721239507198334,0.180284470319748,-0.135275855660439,-0.1203892827034,0.983466744422913,0.00914429873228073,0.00341985491104424,-0.00409733038395643
1.83232098817825,1.83204901218414,0.731601655483246,-0.68151730298996,0.0171220041811466,0.668165981769562,0.721802175045013,0.180432543158531,-0.135326609015465,-0.12056440860033,0.983438313007355,0.00695965439081192,0.00040935940342024,-0.00308816786855459
1.85402196645737,1.85370600223541,0.732387185096741,-0.680671453475952,0.0171881876885891,0.667343974113464,0.722599625587463,0.180282726883888,-0.135133475065231,-0.120566323399544,0.983464658260345,0.0108557939529419,0.00546278106048703,-0.00423677219077945
1.87646698951721,1.87619704008102,0.732930839061737,-0.680089890956879,0.017033226788044,0.666801154613495,0.723122656345367,0.180193915963173,-0.134865164756775,-0.120711907744408,0.983483612537384,0.00915969256311655,0.00148298218846321,-0.0139986844733357
1.89801496267319,1.89771503210068,0.73339581489563,-0.679565906524658,0.0179102905094624,0.666154623031616,0.723675847053528,0.180364310741425,-0.135530680418015,-0.120347410440445,0.983436822891235,0.00315503845922649,-0.00347357662394643,-0.0124280694872141
1.92094099521637,1.92057800292969,0.73390805721283,-0.678968667984009,0.0195068940520287,0.665253043174744,0.724289357662201,0.181227147579193,-0.137176185846329,-0.120027042925358,0.983247756958008,0.00804753974080086,0.00117342593148351,-0.0279216486960649
1.94231200218201,1.94193601608276,0.734603345394135,-0.678215503692627,0.0195379443466663,0.664499878883362,0.724969387054443,0.181271478533745,-0.137105539441109,-0.120179668068886,0.983238995075226,0.00105955207254738,-0.00430590426549315,-0.0161811728030443
1.96430498361588,1.96395003795624,0.735324680805206,-0.677433371543884,0.0195363126695156,0.663763403892517,0.725706815719604,0.181018576025963,-0.136805653572083,-0.120139941573143,0.98328560590744,-0.000986754195764661,-0.00440623098984361,-0.00348501047119498
1.98770999908447,1.98674100637436,0.735874831676483,-0.676820456981659,0.0200579240918159,0.663038790225983,0.726267278194427,0.18142606317997,-0.137360274791718,-0.12020768225193,0.983200013637543,0.0032732558902353,-0.00142000860068947,-0.00791937205940485
2.00952398777008,2.0090320110321,0.736263930797577,-0.676383435726166,0.0205149613320827,0.662443459033966,0.726616024971008,0.182202711701393,-0.13814540207386,-0.12055929005146,0.98304694890976,-0.00331926718354225,-0.005114178173244,-0.0117040257900953
2.03078895807266,2.03029704093933,0.736753821372986,-0.675834238529205,0.0210213139653206,0.661774814128876,0.727108836174011,0.182665795087814,-0.138736575841904,-0.120668351650238,0.982950329780579,0.00254291435703635,-7.34692002879456e-05,-0.0111597953364253
2.0534560084343,2.05296403169632,0.737198054790497,-0.67536062002182,0.0206662639975548,0.661312997341156,0.727461993694305,0.182932376861572,-0.138579249382019,-0.121190518140793,0.982908248901367,0.00485816318541765,-0.00249242200516164,-0.0134754059836268
2.07582998275757,2.07506203651428,0.737751662731171,-0.674763977527618,0.0203986391425133,0.660697996616364,0.727915465831757,0.183349996805191,-0.138566464185715,-0.121789425611496,0.982836008071899,0.0072760758921504,0.00105324469041079,-0.0107705304399133
2.09863495826721,2.09733504056931,0.738171339035034,-0.674309134483337,0.0202554576098919,0.660195589065552,0.728243947029114,0.183854728937149,-0.138725817203522,-0.122343726456165,0.982744693756104,0.0116037279367447,0.000505107629578561,-0.00744389090687037
2.12051898241043,2.11959302425385,0.73858654499054,-0.673856735229492,0.0201763510704041,0.65968120098114,0.728570759296417,0.184405341744423,-0.138962671160698,-0.12288935482502,0.982643187046051,0.00569576071575284,-1.23807531053899e-05,-0.000968897889833897
2.14056700468063,2.14034599065781,0.738986849784851,-0.67341148853302,0.0203837007284164,0.659181356430054,0.728960335254669,0.184653133153915,-0.139206439256668,-0.123019672930241,0.982592344284058,0.00787149835377932,-8.73204953677487e-06,0.00514484010636806
2.16414898633957,2.16391903162003,0.739233672618866,-0.673135697841644,0.020541287958622,0.65884929895401,0.729188024997711,0.18493914604187,-0.139467597007751,-0.123179636895657,0.982535302639008,0.00522146606817842,-0.00411724206060171,0.00376025005243719
2.18807500600815,2.18777000904083,0.739359080791473,-0.672995507717133,0.0206203050911427,0.658726871013641,0.729344308376312,0.18475878238678,-0.139381140470505,-0.123019933700562,0.982567548751831,0.0036067571491003,-0.00600659474730492,0.00335002318024635
2.20735198259354,2.20705103874207,0.739413321018219,-0.672935962677002,0.0206181481480598,0.658665180206299,0.729394257068634,0.184781432151794,-0.139384835958481,-0.123049408197403,0.982563316822052,0.00569505104795098,-0.00699102785438299,-0.00364271574653685
2.22733998298645,2.22705203294754,0.739409983158112,-0.672936201095581,0.020731408149004,0.658631920814514,0.729389548301697,0.184918507933617,-0.139559626579285,-0.123076222836971,0.982535183429718,0.0102638741955161,-0.00679292157292366,-0.0124141722917557
2.25037795305252,2.25007402896881,0.739517509937286,-0.672817885875702,0.020735964179039,0.658486068248749,0.729470252990723,0.185119614005089,-0.139678046107292,-0.123244866728783,0.982497215270996,0.00967334397137165,-0.00479127466678619,-0.0161447674036026
2.27169698476791,2.27140301465988,0.739681601524353,-0.67264199256897,0.0205870419740677,0.658295392990112,0.729578614234924,0.185370564460754,-0.139707893133163,-0.123562842607498,0.982452988624573,0.0121947089210153,-0.00438774190843105,-0.01901182718575
2.2943719625473,2.29408603906631,0.739959180355072,-0.672360718250275,0.0197867229580879,0.658077418804169,0.729703426361084,0.185653120279312,-0.139264285564423,-0.124354541301727,0.982416093349457,0.00562656717374921,-0.00146541302092373,-0.0192928779870272
2.31644195318222,2.31615304946899,0.740161895751953,-0.672147035598755,0.0194642022252083,0.657837152481079,0.729794442653656,0.186146169900894,-0.139322459697723,-0.124974019825459,0.982329249382019,-0.00180654902942479,-0.00420722691342235,-0.00773728080093861
2.34050399065018,2.34012204408646,0.740141987800598,-0.672164142131805,0.0196259282529354,0.657757580280304,0.729729175567627,0.186682462692261,-0.139802873134613,-0.125262439250946,0.982224225997925,-0.00350639992393553,-0.00135158514603972,-0.00237963115796447
2.36270898580551,2.36035001277924,0.740100800991058,-0.672203481197357,0.019832756370306,0.65775054693222,0.729700028896332,0.186820849776268,-0.140053570270538,-0.125221267342567,0.982193768024445,-0.00661072228103876,-0.000862257787957788,-0.00157086225226521
2.38594597578049,2.38493400812149,0.740072429180145,-0.672220528125763,0.020305447280407,0.657690584659576,0.729722797870636,0.186942979693413,-0.140484243631363,-0.124996647238731,0.982160866260529,-0.0038034392055124,0.00334921781904995,-0.00369421113282442
2.4057070016861,2.4046990275383,0.740025222301483,-0.67226231098175,0.0206421092152596,0.657632350921631,0.729672968387604,0.187342137098312,-0.141005039215088,-0.125063002109528,0.982077836990356,-0.00458066770806909,0.00049826770555228,-0.0130546353757381
2.42678600549698,2.42650103569031,0.739914238452911,-0.672363519668579,0.0213136225938797,0.657612442970276,0.72962760925293,0.18758836388588,-0.14167857170105,-0.12478319555521,0.982016444206238,-0.0129728727042675,0.00307908258400857,0.00368394562974572
2.44890397787094,2.44838804006577,0.739485681056976,-0.672810137271881,0.022077638655901,0.657938897609711,0.729300379753113,0.187716275453568,-0.14239864051342,-0.124287761747837,0.981975138187408,-0.0112017774954438,-0.000470375642180443,0.00622135866433382
2.47075098752975,2.47047102451324,0.738811075687408,-0.673524022102356,0.0228821188211441,0.658571720123291,0.728780031204224,0.187517985701561,-0.142973899841309,-0.123470857739449,0.98199462890625,-0.0142272561788559,-0.00361360539682209,0.00592039152979851
2.49260097742081,2.49232000112534,0.738245487213135,-0.674117207527161,0.0236554853618145,0.659105896949768,0.728375673294067,0.187211722135544,-0.143432706594467,-0.122616745531559,0.982034742832184,0.000141685566632077,0.00287027866579592,0.00176433625165373
2.51468896865845,2.51431304216385,0.737978219985962,-0.67441201210022,0.023593295365572,0.659457445144653,0.728150725364685,0.186848774552345,-0.143192529678345,-0.122331544756889,0.982105314731598,0.01394974719733,0.00368227134458721,-0.0159262791275978
2.53655499219894,2.53629499673843,0.738014221191406,-0.674383401870728,0.0232816599309444,0.659516215324402,0.728183269500732,0.186513841152191,-0.142735153436661,-0.12229523062706,0.982176423072815,0.0159879606217146,0.00427812524139881,-0.020509110763669
2.55939799547195,2.55874103307724,0.737969398498535,-0.674441993236542,0.0230029933154583,0.659631192684174,0.728119492530823,0.186356216669083,-0.142435386776924,-0.122351698577404,0.982212901115417,0.0131763331592083,-0.000594461162108928,-0.0150099797174335
2.57951200008392,2.57923102378845,0.737655937671661,-0.67478334903717,0.0230468548834324,0.659984588623047,0.727837979793549,0.186204850673676,-0.142422318458557,-0.122144550085068,0.982240617275238,0.00328672397881746,-0.00764280464500189,-0.00842102058231831
2.6026239991188,2.60234904289246,0.737275302410126,-0.67520272731781,0.0229433961212635,0.660436391830444,0.727472722530365,0.186030015349388,-0.142298668622971,-0.122002676129341,0.982276141643524,0.00232876907102764,-0.0065206503495574,-0.01065902877599
2.62379896640778,2.62352502346039,0.737054824829102,-0.675455808639526,0.0225754827260971,0.660741686820984,0.727213978767395,0.185957819223404,-0.142023503780365,-0.122144550085068,0.982298374176025,0.00864420551806688,-0.00424298131838441,-0.0255294144153595
2.64673399925232,2.64644402265549,0.737065374851227,-0.675459802150726,0.0221059024333954,0.660760581493378,0.727120995521545,0.186253935098648,-0.141880720853806,-0.122674614191055,0.982252895832062,0.00805256143212318,-0.00222262041643262,-0.0273601170629263
2.66831600666046,2.66802203655243,0.73709899187088,-0.675424993038177,0.0220478586852551,0.660672843456268,0.72709333896637,0.186672672629356,-0.142114236950874,-0.123029813170433,0.982174754142761,0.00460706930607557,-0.00268889986909926,-0.0196105446666479
2.69097298383713,2.69053304195404,0.736974120140076,-0.675546765327454,0.022489994764328,0.660663247108459,0.726969063282013,0.187189936637878,-0.142805069684982,-0.123095810413361,0.98206627368927,-0.00300743640400469,-0.00348390219733119,-0.0145462919026613
2.71317899227142,2.71290004253387,0.736865699291229,-0.675650000572205,0.0229339934885502,0.660672068595886,0.726893544197083,0.187451913952827,-0.143322467803955,-0.122975036501884,0.982006013393402,-0.00625606765970588,-0.00013963264063932,-0.0105782151222229
2.73512995243073,2.73486202955246,0.736838757991791,-0.675682187080383,0.0228519439697266,0.660716533660889,0.726857662200928,0.187434464693069,-0.14325624704361,-0.123010337352753,0.982011258602142,-0.000387192994821817,0.0016282016877085,-0.0065751695074141
2.75747895240784,2.75688999891281,0.73681515455246,-0.675707519054413,0.0228642821311951,0.660764634609222,0.726857483386993,0.187265068292618,-0.143155500292778,-0.122871838510036,0.982043266296387,0.00052541121840477,0.000329661765135825,-0.00413225218653679
2.77814000844955,2.77786099910736,0.736739456653595,-0.675783276557922,0.0230632908642292,0.660848140716553,0.726840376853943,0.187037155032158,-0.143159911036491,-0.122556313872337,0.982082068920135,0.00162469537463039,0.00280252587981522,-0.00752669479697943
2.800989985466,2.80062699317932,0.736768066883087,-0.675759077072144,0.0228591971099377,0.660867810249329,0.726855099201202,0.186910212039948,-0.142921581864357,-0.122602559626102,0.982111036777496,0.0015731860185042,0.00214152992703021,-0.0161647479981184
2.82372200489044,2.82331204414368,0.736738324165344,-0.675811231136322,0.0222687944769859,0.66109699010849,0.726832628250122,0.186185657978058,-0.142012029886246,-0.122448287904263,0.982262194156647,0.00461437227204442,0.00236303429119289,-0.00502724386751652
2.84511798620224,2.8447670340538,0.736655175685883,-0.6758993268013,0.0223447941243649,0.661258280277252,0.726834118366241,0.185606464743614,-0.141692236065865,-0.121952280402184,0.98237007856369,0.00507184769958258,-0.0029311291873455,0.00130622496362776
2.86723500490189,2.86687499284744,0.736694037914276,-0.675851047039032,0.0225225500762463,0.661238133907318,0.72693943977356,0.185265243053436,-0.141584232449532,-0.121591031551361,0.982430398464203,0.0117345852777362,0.00107639760244638,-0.0190039072185755
2.88989096879959,2.88936501741409,0.736761748790741,-0.675785183906555,0.0222825258970261,0.661261916160583,0.727023124694824,0.184851586818695,-0.141119867563248,-0.121457003057003,0.982513785362244,-0.00081927765859291,-0.00498301163315773,-0.0220943465828896
2.9115839600563,2.91106301546097,0.737043142318726,-0.675487875938416,0.0219893753528595,0.66100287437439,0.727256059646606,0.184861809015274,-0.140863820910454,-0.121716104447842,0.982518494129181,0.00515892542898655,-0.00901635549962521,-0.0144907906651497
2.93342900276184,2.93294101953506,0.737208902835846,-0.675314545631409,0.0217547714710236,0.660866141319275,0.727390229701996,0.184822618961334,-0.14063760638237,-0.121875889599323,0.982531070709229,0.00548890279605985,-0.0116800675168633,-8.91554082045332e-05
2.95642697811127,2.95538300275803,0.737374603748322,-0.675119817256927,0.0221800990402699,0.660589635372162,0.727584064006805,0.18504810333252,-0.141067519783974,-0.121797829866409,0.982479155063629,0.0081267561763525,-0.0133466785773635,-0.00464244931936264
3.00196498632431,3.00093102455139,0.737383246421814,-0.675103545188904,0.0223888829350471,0.660530090332031,0.727606356143951,0.185172885656357,-0.141301155090332,-0.121754854917526,0.982450902462006,0.0122265229001641,-0.0101701188832521,-0.013322432525456
3.00383996963501,3.00354200601578,0.73739105463028,-0.675096273422241,0.0223497115075588,0.660489916801453,0.727575898170471,0.185435801744461,-0.141448110342026,-0.121976941823959,0.982402205467224,0.00568710919469595,-0.0120587199926376,-0.0207716394215822
3.02104395627975,3.02073502540588,0.737332344055176,-0.675173461437225,0.0219490341842175,0.660556733608246,0.727411508560181,0.185842052102089,-0.141441598534584,-0.122528776526451,0.982334434986115,0.00521014025434852,-0.00652549788355827,-0.0180470198392868
3.04212296009064,3.04182803630829,0.736946761608124,-0.675602853298187,0.0216847993433475,0.660961210727692,0.726952135562897,0.186201244592667,-0.141561910510063,-0.12288760393858,0.982272267341614,0.00163475680164993,-0.0075701056048274,-0.00997623987495899
3.06589299440384,3.06532001495361,0.736099898815155,-0.676527738571167,0.0216132253408432,0.661894917488098,0.726124346256256,0.186114341020584,-0.141605406999588,-0.122693061828613,0.982290327548981,0.000357732002157718,-0.00727555016055703,0.0025082400534302
3.08757495880127,3.08728504180908,0.73514050245285,-0.677570939064026,0.0215894617140293,0.662914633750916,0.725171864032745,0.186198726296425,-0.141818910837173,-0.122570261359215,0.982274889945984,0.00436229072511196,-0.0066265887580812,-0.000665799016132951
3.10896098613739,3.10862904787064,0.734257161617279,-0.678538501262665,0.0212576687335968,0.663929760456085,0.724277853965759,0.186061516404152,-0.141646355390549,-0.122503414750099,0.982308089733124,0.0114462655037642,0.00104869343340397,-0.00730065256357193
3.1316419839859,3.13119304180145,0.733161389827728,-0.679731667041779,0.0209579728543758,0.6651970744133,0.72320967912674,0.185689404606819,-0.141375973820686,-0.122199133038521,0.982384979724884,0.00598910031840205,-0.000132124565425329,-0.00987883470952511
3.15304797887802,3.15280801057816,0.732270658016205,-0.680705189704895,0.0204980447888374,0.666276693344116,0.722327649593353,0.185251504182816,-0.140907973051071,-0.121996872127056,0.982477307319641,0.00601745210587978,-0.00171442585997283,-0.0117548462003469
3.1750859618187,3.1747339963913,0.731570720672607,-0.681476533412933,0.0198506712913513,0.667129099369049,0.721562325954437,0.185166463255882,-0.140510097146034,-0.122219398617744,0.982506632804871,0.0136403404176235,0.000947106105741113,-0.012503718957305
3.19751298427582,3.19722402095795,0.730863034725189,-0.682250380516052,0.0193316489458084,0.667955756187439,0.720796644687653,0.185168385505676,-0.140265375375748,-0.12242004275322,0.982516646385193,0.0126482984051108,-0.00211799726821482,-0.00783979892730713
3.21968400478363,3.2193940281868,0.730158507823944,-0.683001458644867,0.0194304175674915,0.668724000453949,0.720155239105225,0.184890925884247,-0.140273690223694,-0.122006110846996,0.982566952705383,0.00626208074390888,-0.000472839659778401,0.00157939759083092
3.2420420050621,3.24172800779343,0.729555606842041,-0.68364030122757,0.0196116752922535,0.669351518154144,0.71960723400116,0.184753805398941,-0.140417844057083,-0.121661067008972,0.98258912563324,0.00224717310629785,-0.00144919822923839,-0.0076757543720305
3.26479399204254,3.26434099674225,0.728823900222778,-0.684413552284241,0.0198429003357887,0.67010498046875,0.718939483165741,0.184622138738632,-0.14062374830246,-0.121260203421116,0.982609272003174,-0.00444909650832415,-0.00136723753530532,-0.0056414888240397
3.28468900918961,3.28440803289413,0.728212952613831,-0.685046911239624,0.0204127132892609,0.670634746551514,0.718399226665497,0.18480172753334,-0.141262322664261,-0.120885543525219,0.98256379365921,0.00118663441389799,-0.00210318365134299,-0.0031844787299633
3.3074049949646,3.30710399150848,0.72765988111496,-0.685623824596405,0.0207637883722782,0.671156704425812,0.71790337562561,0.184833586215973,-0.141632705926895,-0.120560228824615,0.982550442218781,-0.000629024638328701,-0.00274270959198475,-0.00176350201945752
3.32927799224854,3.32900899648666,0.726881802082062,-0.686430037021637,0.0213695876300335,0.671891629695892,0.717238068580627,0.184746205806732,-0.142142429947853,-0.119930617511272,0.982553899288177,-0.00676762266084552,-0.00728563359007239,0.00458759535104036
3.35147100687027,3.35116803646088,0.726130723953247,-0.687198400497437,0.0221929512917995,0.672540187835693,0.716610789299011,0.184820801019669,-0.14291225373745,-0.119278408586979,0.982521653175354,0.00287532340735197,-0.00856909807771444,0.000938985671382397
3.37415897846222,3.37387102842331,0.725688874721527,-0.687645018100739,0.0228026248514652,0.672923028469086,0.716277718544006,0.184718430042267,-0.143353715538979,-0.118703700602055,0.982526898384094,0.0157530661672354,-0.00182027521077543,-0.0170763526111841
3.39586496353149,3.39557802677155,0.72541218996048,-0.687919497489929,0.0233229286968708,0.673153758049011,0.716099202632904,0.184569731354713,-0.143670648336411,-0.118189230561256,0.982542634010315,0.00727067841216922,-0.00407467782497406,-0.0168317407369614
3.41740596294403,3.41712003946304,0.725420475006104,-0.687904059886932,0.0235203504562378,0.673117458820343,0.716137528419495,0.184553414583206,-0.143798843026161,-0.11804685741663,0.982541024684906,0.00824630539864302,-0.00193950929678977,-0.00819690711796284
3.43944895267487,3.43916404247284,0.725441157817841,-0.687863349914551,0.0240660198032856,0.673015832901001,0.716238677501678,0.184531256556511,-0.144169300794601,-0.117669746279716,0.9825319647789,0.00426011346280575,-0.00673766760155559,0.0087007787078619
3.46068799495697,3.46038204431534,0.72542667388916,-0.687853217124939,0.0247811116278172,0.672926068305969,0.716331124305725,0.184499859809875,-0.1446603089571,-0.117165267467499,0.98252010345459,0.0063942763954401,-0.0128420516848564,0.0151281068101525
3.48372995853424,3.48345404863358,0.725389301776886,-0.687862515449524,0.0256037525832653,0.672903418540955,0.71646523475647,0.184061452746391,-0.144953176379204,-0.116287365555763,0.982581198215485,0.00976512674242258,-0.0129905361682177,0.0167456343770027
3.50583499670029,3.50555503368378,0.725584089756012,-0.687649786472321,0.025799073278904,0.672722518444061,0.716725647449493,0.183708488941193,-0.14481794834137,-0.11594033241272,0.98264217376709,0.0182917527854443,-0.0182415787130594,0.0116185918450356
