timestamp,ts,m11,m12,m13,m21,m22,m23,m31,m32,m33,ax,ay,az
0.176317036151886,0.174968004226685,0.997491478919983,0.00808160100132227,-0.070323683321476,0.00331691955216229,0.987033843994141,0.160478115081787,0.0707087740302086,-0.160308808088303,0.984531044960022,0.00314738508313894,0.00236654537729919,-0.0900386720895767
0.195894002914429,0.195387005805969,0.998650729656219,0.0113315917551517,-0.0506783649325371,-0.00269985757768154,0.985911548137665,0.167245581746101,0.0518595427274704,-0.1668830960989,0.984611928462982,-0.0873147174715996,0.097757063806057,-0.0104747582226992
0.219278037548065,0.218779027462006,0.999226093292236,0.00948349107056856,-0.0381746590137482,-0.00277926377020776,0.985097527503967,0.171974062919617,0.0392366796731949,-0.171734869480133,0.984361529350281,-0.138608008623123,0.133476138114929,-0.027067307382822
0.239337027072906,0.238838016986847,0.999563694000244,0.00696935597807169,-0.0287019982933998,-0.0019908482208848,0.985450267791748,0.169952407479286,0.0294688493013382,-0.169821128249168,0.985034227371216,-0.108932711184025,0.118743918836117,-1.2188242180855e-05
0.262109994888306,0.26162201166153,0.999716758728027,0.00996040552854538,-0.0216159820556641,-0.00627660192549229,0.98640102148056,0.164236381649971,0.0229578875005245,-0.164054170250893,0.986184120178223,-0.0403842926025391,0.0470488667488098,0.013955139555037
0.284011006355286,0.283096015453339,0.999678075313568,0.015513900667429,-0.0200777873396873,-0.0122106075286865,0.987793624401093,0.155288830399513,0.0222418457269669,-0.154993668198586,0.987665057182312,-0.0435458049178123,0.0551911704242229,0.0347994565963745
0.304850041866302,0.304343044757843,0.99959009885788,0.0187971405684948,-0.0215953923761845,-0.0153770418837667,0.988738536834717,0.148861289024353,0.0241503641009331,-0.148468196392059,0.98862224817276,-0.112263113260269,0.112057097256184,-0.00458758836612105
0.329883992671967,0.329158008098602,0.999569118022919,0.0211519729346037,-0.0203519575297832,-0.0179342795163393,0.988970994949341,0.147019624710083,0.0232372507452965,-0.146591275930405,0.988924205303192,-0.0973172932863235,0.0928509160876274,-0.0215586107224226
0.350814998149872,0.350059032440186,0.999637424945831,0.0233402997255325,-0.0134249292314053,-0.0211273394525051,0.989013314247131,0.146309033036232,0.0166923310607672,-0.145972356200218,0.989147841930389,-0.0342226587235928,0.0600968822836876,-0.0238679144531488
0.372765004634857,0.371999025344849,0.999683082103729,0.0231643859297037,-0.00985680241137743,-0.021481653675437,0.98908656835556,0.145761087536812,0.0131256962195039,-0.145503148436546,0.989270687103271,-0.00884972140192986,0.0490508787333965,0.0118384649977088
0.422383010387421,0.421989023685455,0.99970281124115,0.0226670764386654,-0.00897363387048244,-0.0211225412786007,0.989146888256073,0.145403996109962,0.0121721252799034,-0.145171239972115,0.989331662654877,-0.0634322538971901,0.106326244771481,-0.0506921373307705
0.42237800359726,0.422026991844177,0.999738812446594,0.0227668695151806,-0.00199480587616563,-0.0222966484725475,0.99079167842865,0.133546680212021,0.00501687685027719,-0.133467316627502,0.991040527820587,-0.0447499342262745,0.0642107427120209,-0.00635023042559624
0.438099026679993,0.437754988670349,0.999718189239502,0.0233626216650009,-0.00421454291790724,-0.0226052068173885,0.991046190261841,0.131592184305191,0.00725114531815052,-0.131459832191467,0.991294980049133,-0.0356323905289173,0.0604099370539188,0.0146714430302382
0.459749042987823,0.459399998188019,0.999727725982666,0.0230880007147789,-0.00337399775162339,-0.0224909745156765,0.992013335227966,0.12411155551672,0.00621253857389092,-0.124001882970333,0.992262542247772,-0.0520342774689198,0.0346340164542198,-0.00656253844499588
0.48206102848053,0.481504023075104,0.999722421169281,0.0235127154737711,-0.00147817726247013,-0.02317108027637,0.992659211158752,0.118704617023468,0.00425839424133301,-0.118637412786484,0.992928504943848,-0.0192546658217907,0.0380619131028652,0.00963688641786575
0.505182027816772,0.504101037979126,0.999722421169281,0.023551132529974,0.000614750490058213,-0.0234559141099453,0.992562353610992,0.119456388056278,0.00220315530896187,-0.119437657296658,0.992839276790619,0.000462162570329383,0.0435286611318588,-0.0185895748436451
0.526739001274109,0.526232004165649,0.999716222286224,0.0236460845917463,0.00287847290746868,-0.0238205920904875,0.992629587650299,0.118823602795601,-4.75447159260511e-05,-0.118858456611633,0.992911219596863,-0.0172478705644608,0.0207248441874981,-0.0530482642352581
0.547103047370911,0.546627998352051,0.999712944030762,0.0239577442407608,0.000293340417556465,-0.0238185860216618,0.992430984973907,0.12047154456377,0.00259510660544038,-0.120443947613239,0.992716729640961,-0.0171779729425907,0.0449252799153328,-0.0273790881037712
0.570852041244507,0.570339024066925,0.999711394309998,0.0240225438028574,5.60117186978459e-05,-0.0238593388348818,0.992642760276794,0.11870564520359,0.00279601197689772,-0.118672728538513,0.992929458618164,-0.0358326584100723,0.0326765887439251,-0.0158595740795135
0.592249035835266,0.591780006885529,0.999713003635406,0.0239560604095459,-0.000159495510160923,-0.0237630307674408,0.992458283901215,0.120257586240768,0.00303919054567814,-0.120219275355339,0.992742717266083,-0.0288307592272758,0.0338775776326656,0.0104276463389397
0.61454302072525,0.614064991474152,0.999705612659454,0.0241348203271627,0.00248792674392462,-0.0242593605071306,0.992593765258789,0.119033925235271,0.000403361860662699,-0.11905924230814,0.992887079715729,-0.0122673222795129,0.0442658588290215,0.0121589209884405
0.638024032115936,0.635574042797089,0.999706149101257,0.0242359936237335,0.000519403896760195,-0.0241241753101349,0.992530941963196,0.119583964347839,0.0023827119730413,-0.119561359286308,0.992823958396912,-0.0304254200309515,0.0316780842840672,0.000758524751290679
0.656926035881042,0.656426012516022,0.999698877334595,0.0245290212333202,-0.000694326241500676,-0.0242760442197323,0.992726504802704,0.117918461561203,0.00358170038089156,-0.117866098880768,0.993023037910461,-0.0380173251032829,0.0232987049967051,0.011730314232409
0.679879009723663,0.679407000541687,0.999692976474762,0.024426406249404,-0.0041590603068471,-0.0237668436020613,0.992754518985748,0.11778611689806,0.00700601749122143,-0.117651112377644,0.993030250072479,-0.038933839648962,0.0276829749345779,0.0102116735652089
0.702960014343262,0.702405989170074,0.999701023101807,0.0244019757956266,-0.00154854764696211,-0.0240666512399912,0.993194818496704,0.113951183855534,0.00431864336133003,-0.113879851996899,0.993485152721405,-0.0322187133133411,0.0256790909916162,0.0119787957519293
0.725217998027802,0.723712027072906,0.99969071149826,0.0247978698462248,-0.00187374872621149,-0.0244396086782217,0.993588626384735,0.110382817685604,0.00459899380803108,-0.11030288785696,0.993887364864349,-0.0198180843144655,0.0230262503027916,0.00696416152641177
0.746508002281189,0.745752036571503,0.999670803546906,0.0254038441926241,-0.00360251450911164,-0.0248720552772284,0.99393492937088,0.107120223343372,0.00630193063989282,-0.106995351612568,0.994239568710327,-0.0149703128263354,0.0186345037072897,-0.00707270717248321
0.769388020038605,0.768721997737885,0.999655425548553,0.0259248092770576,-0.00411123549565673,-0.0253458581864834,0.994082391262054,0.105630345642567,0.00682535348460078,-0.105489753186703,0.994396984577179,-0.0151738580316305,0.0191587917506695,-0.011614996008575
0.790149033069611,0.789606034755707,0.999643564224243,0.0264993198215961,-0.00324715906754136,-0.0260179787874222,0.99423360824585,0.104031905531883,0.00598520925268531,-0.103910341858864,0.994568645954132,-0.0196045804768801,0.0177892278879881,-0.0214988458901644
0.812150001525879,0.81165599822998,0.819635689258575,-0.572872459888458,-0.00380199588835239,0.57015997171402,0.815072417259216,0.102832242846489,-0.0558108761906624,-0.0864527225494385,0.994691431522369,-0.0140864206478,0.0146517092362046,-0.00492708571255207
0.834936022758484,0.834399998188019,0.819610297679901,-0.572908222675323,-0.00386643968522549,0.570256292819977,0.815129041671753,0.10184421390295,-0.0551957562565804,-0.0856774225831032,0.994792819023132,-0.0275785978883505,0.0109781194478273,0.00587072595953941
0.856160044670105,0.855684041976929,0.819712221622467,-0.572765469551086,-0.00338796526193619,0.570097804069519,0.815294504165649,0.101406373083591,-0.0553198978304863,-0.0850555077195168,0.994839310646057,-0.0187993440777063,0.014812745153904,-0.0102113420143723
0.878086030483246,0.877523005008698,0.820063233375549,-0.572264850139618,-0.00300640985369682,0.569590747356415,0.815700650215149,0.100988872349262,-0.0553400702774525,-0.0845296904444695,0.994883000850677,-0.011459780856967,0.0145020568743348,-0.0117087857797742
0.900635004043579,0.900159001350403,0.820370733737946,-0.571824848651886,-0.00284301117062569,0.569226920604706,0.816149294376373,0.0994029492139816,-0.0545207820832729,-0.0831655859947205,0.995043218135834,-0.0153704760596156,0.01564746722579,0.00548020983114839
0.922668993473053,0.922071039676666,0.820399701595306,-0.571784138679504,-0.00267495028674603,0.56920325756073,0.816234290599823,0.0988389328122139,-0.0543311610817909,-0.0826100185513496,0.99509984254837,-0.020924462005496,0.013343938626349,0.00427037989720702
0.942698001861572,0.94222104549408,0.820160925388336,-0.572130799293518,-0.00151492841541767,0.569471955299377,0.816088616847992,0.0984935313463211,-0.0551148876547813,-0.0816432535648346,0.995136559009552,-0.0258984733372927,0.00541492085903883,-0.000270568096311763
0.964473009109497,0.963892996311188,0.820122122764587,-0.57218736410141,-0.00110047683119774,0.569512546062469,0.816099464893341,0.0981685072183609,-0.0552726946771145,-0.0811368972063065,0.995169222354889,-0.0169543568044901,0.0103236567229033,0.0045533524826169
0.989179015159607,0.988467991352081,0.82009369134903,-0.572224617004395,-0.00229953974485397,0.56971800327301,0.816112041473389,0.0968627631664276,-0.0535505898296833,-0.0807466208934784,0.995295107364655,0.00722194276750088,0.0145873762667179,-0.00168367091100663
1.0112310051918,1.01047903299332,0.820083260536194,-0.572235643863678,-0.0031105000525713,0.56984955072403,0.816142857074738,0.0958238765597343,-0.0522952452301979,-0.0803560689091682,0.995393455028534,-0.0085273701697588,0.0103593999519944,0.0113541362807155
1.03396999835968,1.03324604034424,0.820287108421326,-0.571938335895538,-0.00393800623714924,0.569690883159637,0.816413402557373,0.0944525897502899,-0.0508060306310654,-0.0797216892242432,0.995521545410156,0.00166196853388101,0.0131385084241629,0.00395968044176698
1.05482703447342,1.05406403541565,0.82039088010788,-0.571772456169128,-0.00591053813695908,0.569755911827087,0.816536247730255,0.0929877683520317,-0.0483416952192783,-0.0796538814902306,0.995649695396423,0.0162757411599159,0.0131385326385498,-0.00842439103871584
1.07719302177429,1.07648003101349,0.820273637771606,-0.571936905384064,-0.00626730173826218,0.569970071315765,0.816438794136047,0.0925296396017075,-0.0478042624890804,-0.0794717967510223,0.995690226554871,-0.0089223301038146,0.00639377720654011,-0.0001746633060975
1.09938204288483,1.09867203235626,0.820200800895691,-0.572051286697388,-0.00528285652399063,0.569992661476135,0.816392242908478,0.0928008034825325,-0.0487739481031895,-0.0791264846920967,0.995670676231384,-0.00477931462228298,0.00742788054049015,-0.0148121099919081
1.13588899374008,1.12926602363586,0.819945216178894,-0.572426438331604,-0.00421804375946522,0.570263266563416,0.816160023212433,0.0931804478168488,-0.0498963668942451,-0.0788082480430603,0.995640277862549,-0.0108556160703301,0.00364187499508262,-0.00789973791688681
1.14635103940964,1.14566099643707,0.819899082183838,-0.572496354579926,-0.00365237891674042,0.57027930021286,0.816128253936768,0.093360111117363,-0.0504675284028053,-0.078628733754158,0.995625734329224,-0.00951175671070814,0.00716321310028434,-0.00304677896201611
1.1647310256958,1.16379201412201,0.819867014884949,-0.572543621063232,-0.00343347527086735,0.57032036781311,0.816124856472015,0.0931384861469269,-0.0505237132310867,-0.0783193558454514,0.995647251605988,-0.00152612675447017,0.0111987898126245,0.000728419050574303
1.20499300956726,1.20420902967453,0.819688320159912,-0.572803735733032,-0.00259853154420853,0.570504903793335,0.815975248813629,0.0933189317584038,-0.0513331145048141,-0.077974908053875,0.995632886886597,-0.0103957746177912,0.00855635851621628,0.007000673096627
1.27215200662613,1.27162903547287,0.819287419319153,-0.573377966880798,-0.0023955162614584,0.571102380752563,0.815649390220642,0.0925097689032555,-0.0510891750454903,-0.0771601721644402,0.995708882808685,-0.00671375403180718,0.0100665325298905,0.00075955328065902
1.27665400505066,1.27617603540421,0.819160997867584,-0.573558628559113,-0.00239604525268078,0.571276009082794,0.815514028072357,0.0926307737827301,-0.0511751845479012,-0.0772483199834824,0.995697617530823,-0.00584453158080578,0.00806657038629055,0.000916148361284286
1.28849101066589,1.28827899694443,0.819116592407227,-0.573622226715088,-0.00234001502394676,0.571330189704895,0.81546539068222,0.0927248075604439,-0.0512808226048946,-0.0772893503308296,0.995689034461975,-0.00189751130528748,0.00837422255426645,-0.0089954249560833
1.20994102954865,1.20943403244019,0.819487690925598,-0.573093414306641,-0.00192203186452389,0.570755124092102,0.815832018852234,0.0930410623550415,-0.0517531856894493,-0.0773430168628693,0.995660424232483,-0.0118707632645965,0.00981962960213423,-0.00865782145410776
1.29585999250412,1.29559803009033,0.818981111049652,-0.573817372322083,-0.00186882354319096,0.571479201316833,0.815341413021088,0.092896580696106,-0.051781952381134,-0.0771485269069672,0.995674014091492,-0.00508842617273331,0.0117655890062451,-0.0101243304088712
1.31795501708984,1.31766802072525,0.818857848644257,-0.57399308681488,-0.00190234556794167,0.571630001068115,0.815177083015442,0.0934094190597534,-0.0520656295120716,-0.0775764733552933,0.995625972747803,-0.00672412104904652,0.00509154610335827,-0.00843287445604801
1.33999699354172,1.33971500396729,0.818849384784698,-0.574005603790283,-0.00179125741124153,0.571620583534241,0.815154790878296,0.0936613902449608,-0.0523020178079605,-0.0777184888720512,0.995602488517761,-0.00363757205195725,0.00868518929928541,0.00695503689348698
1.36222100257874,1.36193203926086,0.818824231624603,-0.574042022228241,-0.0015814583748579,0.571597039699554,0.815076410770416,0.0944840386509895,-0.0529488176107407,-0.0782697722315788,0.995525121688843,0.00588008994236588,0.00581521773710847,0.00574850756675005
1.38392204046249,1.38364100456238,0.818683087825775,-0.574241936206818,-0.00201784446835518,0.571818172931671,0.814894735813141,0.0947126746177673,-0.052743673324585,-0.0786935091018677,0.995502591133118,0.000240455323364586,0.00647109840065241,-0.0133932698518038
1.40622299909592,1.40594202280045,0.818570792675018,-0.574401915073395,-0.00204923935234547,0.571966826915741,0.814761936664581,0.0949569493532181,-0.0528738275170326,-0.078901082277298,0.99547928571701,-0.0030105437617749,0.00636442424729466,-0.000278787541901693
1.4284930229187,1.42820900678635,0.818589627742767,-0.574372708797455,-0.00263170525431633,0.571968019008636,0.814725995063782,0.0952574163675308,-0.0525691583752632,-0.0794819742441177,0.995449185371399,0.00437208032235503,0.00611556926742196,-0.00633608503267169
1.45035803318024,1.45005303621292,0.818548500537872,-0.574430763721466,-0.00274894014000893,0.572008192539215,0.814638078212738,0.0957671999931335,-0.0527722500264645,-0.0799625068902969,0.995399951934814,0.00568917021155357,0.00171201990451664,0.00270892237313092
1.47253900766373,1.47226101160049,0.818517804145813,-0.574471235275269,-0.00335760973393917,0.572063684463501,0.814523935317993,0.0964044705033302,-0.0526467561721802,-0.0808295384049416,0.995336592197418,-0.00299139996059239,0.00157109240535647,-0.00785250961780548
1.49409002065659,1.49380302429199,0.818478465080261,-0.57452255487442,-0.00409703887999058,0.572153985500336,0.814413785934448,0.0967985913157463,-0.0522763058543205,-0.0815716907382011,0.995295584201813,0.000648445042315871,0.000271488010184839,-0.00789353065192699
1.51605099439621,1.51577204465866,0.818301439285278,-0.574772477149963,-0.00439302809536457,0.572399854660034,0.814179718494415,0.0973123759031296,-0.0523557737469673,-0.0821454226970673,0.995244204998016,-0.00436251144856215,0.00154820980969816,0.00272099836729467
1.5381960272789,1.53791499137878,0.818194329738617,-0.5749272108078,-0.00408450327813625,0.572498917579651,0.814043343067169,0.0978690758347511,-0.0529426410794258,-0.0824142917990685,0.995190918445587,-0.00135317957028747,0.00215068645775318,-0.00740307802334428
1.56115299463272,1.56084901094437,0.81814706325531,-0.574991583824158,-0.00446528382599354,0.572596311569214,0.813979029655457,0.0978341400623322,-0.0526191741228104,-0.0825995206832886,0.99519270658493,-0.000284374225884676,0.00492337206378579,-0.000534824037458748
1.58259999752045,1.58232200145721,0.818103194236755,-0.575053572654724,-0.00452551431953907,0.572640419006348,0.813896894454956,0.0982584655284882,-0.0528205931186676,-0.0829770565032959,0.995150625705719,-0.00660071009770036,0.0037302696146071,-0.000317502504913136
1.60445702075958,1.60420399904251,0.818151593208313,-0.574983894824982,-0.0046263262629509,0.572573721408844,0.813930630683899,0.0983674675226212,-0.0527942180633545,-0.0831284075975418,0.995139420032501,-0.001238874043338,0.00345779885537922,-0.0111319571733475
1.62650102376938,1.62613302469254,0.818159759044647,-0.574972748756409,-0.00456521660089493,0.572530269622803,0.813899099826813,0.0988797470927238,-0.0531375519931316,-0.0835131481289864,0.995088934898376,-0.00603005988523364,0.00256627332419157,-0.00662006810307503
1.64922702312469,1.6488830447197,0.817964613437653,-0.575257241725922,-0.00359721295535564,0.572699010372162,0.81370484828949,0.0994992777705193,-0.0543106198310852,-0.0834470018744469,0.995031118392944,-0.00774760451167822,0.00262122205458581,-0.0142004359513521
1.66942000389099,1.66908103227615,0.817814409732819,-0.575472712516785,-0.00325887277722359,0.572860360145569,0.813535869121552,0.0999515876173973,-0.0548682175576687,-0.0836087241768837,0.994986951351166,-0.0103847282007337,0.000235401399550028,-0.000496435153763741
1.6927570104599,1.69240802526474,0.817794144153595,-0.57550323009491,-0.00295974127948284,0.572831153869629,0.813479900360107,0.100572355091572,-0.0554720386862755,-0.0839429125189781,0.994925320148468,-0.000731956970412284,0.00238204398192465,-0.0114528303965926
1.71448904275894,1.7141489982605,0.817717790603638,-0.575614988803864,-0.00221353769302368,0.572815597057343,0.813349902629852,0.101705700159073,-0.0567429587244987,-0.0844345092773438,0.994812071323395,-0.00244242115877569,0.00144019594881684,-0.022170964628458
1.73650699853897,1.73616999387741,0.817507803440094,-0.575915157794952,-0.0016066562384367,0.573007762432098,0.813094437122345,0.102661862969398,-0.0578181743621826,-0.0848474949598312,0.9947150349617,-0.00583333894610405,0.002182736992836,-0.0226952657103539
1.75851601362228,1.75793999433517,0.817385733127594,-0.576087594032288,-0.0018986202776432,0.573160767555237,0.812892258167267,0.103406012058258,-0.0580275617539883,-0.0856108069419861,0.994637429714203,-0.00411114422604442,0.00219446327537298,-0.00650699343532324
1.77999401092529,1.77960503101349,0.817398965358734,-0.576069295406342,-0.00171070359647274,0.573069989681244,0.812833189964294,0.104368880391121,-0.0587332099676132,-0.0862913578748703,0.994537174701691,-0.000688364147208631,0.00749082723632455,-0.00817888136953115
1.80271703004837,1.80226701498032,0.817540943622589,-0.575867891311646,-0.00171204097568989,0.572848558425903,0.81294322013855,0.104726880788803,-0.0589170679450035,-0.0865992456674576,0.994499564170837,0.00881652347743511,0.00330170709639788,-0.00975765660405159
1.82462102174759,1.82425701618195,0.817707300186157,-0.575630664825439,-0.00199707597494125,0.572622895240784,0.8130704164505,0.104973562061787,-0.0588022582232952,-0.0869812145829201,0.994472980499268,0.00399962719529867,0.0044181440025568,-0.00821254123002291
1.84692800045013,1.84633600711823,0.817704439163208,-0.575633823871613,-0.00225964561104774,0.572636067867279,0.813033163547516,0.105190217494965,-0.0587138906121254,-0.0873084515333176,0.994449555873871,0.00160082650836557,0.00269692740403116,-0.0162010826170444
1.86827403306961,1.86780101060867,0.817705750465393,-0.575630664825439,-0.00256243720650673,0.572649598121643,0.813001990318298,0.105357341468334,-0.0585636645555496,-0.0876186713576317,0.994431138038635,-0.00993243139237165,-0.000599697348661721,-0.0115503203123808
1.89104199409485,1.89056503772736,0.817671537399292,-0.57567971944809,-0.00244618393480778,0.572669088840485,0.812946379184723,0.1056794449687,-0.0588489174842834,-0.0878119245171547,0.994397222995758,-0.00441456912085414,0.00280469143763185,-0.00764743937179446
1.91298002004623,1.91250902414322,0.817494809627533,-0.575932264328003,-0.00204303115606308,0.572871685028076,0.812774777412415,0.105901196599007,-0.0593314133584499,-0.0877440720796585,0.994374573230743,-0.00625445740297437,0.000737630296498537,-0.00907392986118793
1.93585300445557,1.93487501144409,0.8173668384552,-0.576114177703857,-0.00194994173943996,0.573039412498474,0.812645792961121,0.105983547866344,-0.059474028646946,-0.0877448245882988,0.994365990161896,-0.00658861501142383,-0.00134677381720394,-0.0039097866974771
1.95871204137802,1.95688301324844,0.81717050075531,-0.576392352581024,-0.00201883167028427,0.573329627513885,0.812457621097565,0.105857037007809,-0.059374988079071,-0.0876607075333595,0.994379281997681,-0.00543680088594556,0.00397410243749619,-0.00264522759243846
1.98056000471115,1.97979301214218,0.817021250724792,-0.576604843139648,-0.00175907462835312,0.573521375656128,0.812329351902008,0.105802610516548,-0.059577364474535,-0.087451845407486,0.994385600090027,-0.00563480751588941,0.00123413256369531,-0.00810158904641867
2.00174802541733,2.00103503465652,0.817027390003204,-0.576596617698669,-0.00156412273645401,0.573492050170898,0.812341094017029,0.105871185660362,-0.0597743839025497,-0.0873966664075851,0.994378626346588,-0.0024186153896153,0.00423239357769489,-0.00597233092412353
2.02423501014709,2.02351802587509,0.81699138879776,-0.576649129390717,-0.000889219343662262,0.573470890522003,0.812324821949005,0.10611017793417,-0.0604660250246525,-0.0872010365128517,0.994353950023651,0.000270447926595807,0.00238093151710927,-0.00759914563968778
2.04754501581192,2.04593598842621,0.816933572292328,-0.576730728149414,-0.00102583132684231,0.57356059551239,0.812254250049591,0.10616584867239,-0.0603958964347839,-0.0873188152909279,0.994347929954529,-0.00378767331130803,0.00112434918992221,-0.00827660690993071
2.06808304786682,2.06715804338455,0.817034482955933,-0.576587617397308,-0.00114521384239197,0.573404490947723,0.812312245368958,0.106564655900002,-0.0605136044323444,-0.0877236574888229,0.99430513381958,-0.00547871040180326,-0.00110136449802667,-0.0147128300741315
2.0898380279541,2.08912700414658,0.817003190517426,-0.576632559299469,-0.000794457271695137,0.573423326015472,0.812309443950653,0.106484547257423,-0.0607571229338646,-0.08745376765728,0.994314014911652,0.00228781555779278,0.00135149038396776,-0.0179998036473989
2.11344903707504,2.11267000436783,0.816986203193665,-0.576656341552734,-0.000957366079092026,0.573485732078552,0.812317967414856,0.106082759797573,-0.0603956282138824,-0.0872171744704247,0.994356870651245,-0.00919711124151945,-0.0036279340274632,0.0069300839677453
2.13264602422714,2.13239800930023,0.816903352737427,-0.576774418354034,-0.000313974916934967,0.57355922460556,0.812292039394379,0.105883620679379,-0.0608159340918064,-0.0866767689585686,0.994378507137299,-0.00151941925287247,-0.0041932831518352,-0.00353106809780002
2.15542602539062,2.15456002950668,0.816805362701416,-0.576913177967072,0.000112010166049004,0.573664367198944,0.812226116657257,0.105819769203663,-0.0611398220062256,-0.0863698944449425,0.994385302066803,-0.00869231019169092,-0.00353996665216982,-0.00962774362415075
2.17559599876404,2.17530798912048,0.816881775856018,-0.576804995536804,0.000341974198818207,0.573522925376892,0.812296509742737,0.106045678257942,-0.0614454746246338,-0.0864306390285492,0.994361221790314,-0.00566999055445194,-0.00496201543137431,-0.0164267644286156
2.19884902238846,2.1985450387001,0.816753625869751,-0.576986134052277,0.00066852755844593,0.573698580265045,0.812222361564636,0.105662889778614,-0.0615090280771255,-0.0859170034527779,0.994401752948761,-0.0106840115040541,-0.00075190857751295,-0.000318676757160574
2.22161704301834,2.2213140130043,0.816621422767639,-0.577172100543976,0.00129295513033867,0.57385390996933,0.812162458896637,0.105279020965099,-0.061814222484827,-0.0852311328053474,0.994441866874695,-0.0117380535230041,-0.00263113249093294,0.00522984378039837
2.24289900064468,2.24256002902985,0.816607296466827,-0.577191591262817,0.00151866860687733,0.573867917060852,0.812181353569031,0.105057246983051,-0.0618716105818748,-0.0849189981818199,0.994464993476868,0.00157970294822007,0.000854975369293243,-0.00721345189958811
2.26444500684738,2.26416200399399,0.816700756549835,-0.577059149742126,0.00158566795289516,0.573726773262024,0.812273383140564,0.105116136372089,-0.0619462355971336,-0.084938682615757,0.994458675384521,0.000349703419487923,-0.00172590580768883,-0.0117211220785975
2.28745502233505,2.28709501028061,0.816655993461609,-0.577120184898376,0.00227588787674904,0.573719143867493,0.81225848197937,0.10527291893959,-0.0626037567853928,-0.0846660286188126,0.994440734386444,0.00505299028009176,-0.00112661346793175,-0.0162709075957537
2.3087460398674,2.30847704410553,0.816618144512177,-0.57717227935791,0.00262536481022835,0.573739171028137,0.812239825725555,0.105307877063751,-0.0629132241010666,-0.0844900459051132,0.994436204433441,-0.00123510591220111,-0.00695102801546454,-0.006967609282583
2.33594900369644,2.33565199375153,0.816700637340546,-0.577056527137756,0.00239920616149902,0.573637247085571,0.81229954957962,0.105402737855911,-0.0627722293138504,-0.0847062021493912,0.994426727294922,0.00799918454140425,-0.00209543015807867,-0.00577164301648736
2.35361903905869,2.3527899980545,0.816775560379028,-0.576951444149017,0.00214840099215508,0.573544085025787,0.81234484910965,0.10556023567915,-0.0626483857631683,-0.0849868133664131,0.994410574436188,0.00910640973597765,-0.00376898935064673,-0.0132493237033486
2.3741090297699,2.37381601333618,0.816894173622131,-0.576783359050751,0.00219684280455112,0.573359310626984,0.812447607517242,0.105772718787193,-0.0627927780151367,-0.0851455330848694,0.994387924671173,0.00596576184034348,-0.000596297672018409,-0.0103270625695586
2.39693003892899,2.39665502309799,0.817090272903442,-0.576505899429321,0.00208459794521332,0.573084115982056,0.812623500823975,0.105912655591965,-0.0627532824873924,-0.0853455513715744,0.994373261928558,0.0110872806981206,-0.000883603759575635,-0.0138207199051976
2.41899704933167,2.41870498657227,0.817376732826233,-0.576101005077362,0.00167803466320038,0.572721302509308,0.812889814376831,0.105831995606422,-0.0623339936137199,-0.0855435580015182,0.994382619857788,0.00364641495980322,0.00291146477684379,-0.011934531852603
2.44138604402542,2.44110798835754,0.817649364471436,-0.575713038444519,0.00198317319154739,0.572292327880859,0.81315666437149,0.10610193759203,-0.0626969113945961,-0.08561921864748,0.994353294372559,0.00596571713685989,0.00180811295285821,-0.00991918239742517
2.46323400735855,2.46281403303146,0.817858219146729,-0.575415551662445,0.00216824561357498,0.571976363658905,0.813370048999786,0.106170296669006,-0.0628556460142136,-0.0855920612812042,0.994345605373383,-0.00022738343977835,0.000411632965551689,-0.00499827647581697
2.48545002937317,2.48518300056458,0.817960798740387,-0.575267612934113,0.0026813056319952,0.571782886981964,0.813501000404358,0.106208875775337,-0.0632797926664352,-0.0853415727615356,0.994340240955353,-0.00386471743695438,-0.00183860375545919,-0.0031268170569092
2.50736904144287,2.50710201263428,0.817938625812531,-0.575296759605408,0.00315443985164165,0.571784377098083,0.813526213169098,0.106007725000381,-0.0635521337389946,-0.0849041491746902,0.994360327720642,-0.00976975541561842,-0.00237544882111251,-0.00167241413146257
2.52907001972198,2.52879500389099,0.817901313304901,-0.575348854064941,0.00332283414900303,0.571827530860901,0.813507199287415,0.105920776724815,-0.06364456564188,-0.0847326517105103,0.994369029998779,-0.00870109256356955,-0.00102807604707778,-0.00564624043181539
2.55106502771378,2.5508000254631,0.817782461643219,-0.575517177581787,0.00342101231217384,0.571986556053162,0.813395202159882,0.105922296643257,-0.0637427568435669,-0.0846646130084991,0.994368553161621,0.00119322712998837,-0.00191156403161585,-0.0164499580860138
2.57295399904251,2.57268804311752,0.81769472360611,-0.575641453266144,0.00348388589918613,0.572111546993256,0.813320994377136,0.105817288160324,-0.0637463480234146,-0.0845330655574799,0.994379460811615,0.000645748979877681,-0.00284055271185935,-0.0114188538864255
2.59433001279831,2.59403502941132,0.817659616470337,-0.57569146156311,0.00347107090055943,0.572171926498413,0.813297867774963,0.105668388307095,-0.0636554211378098,-0.0844147130846977,0.99439537525177,0.00798767525702715,-5.97598591411952e-05,-0.00894631072878838
2.617467045784,2.61720901727676,0.817740738391876,-0.575579047203064,0.00295368768274784,0.572126150131226,0.813375532627106,0.105317890644073,-0.0630212500691414,-0.08443284034729,0.994434237480164,0.00986591912806034,-0.00010508501145523,-0.0166284032166004
2.63955104351044,2.6392930150032,0.817865788936615,-0.575402736663818,0.00265576504170895,0.571976900100708,0.813482344150543,0.105303466320038,-0.0627523437142372,-0.0846050679683685,0.99443656206131,0.0086982436478138,-0.000180539936991408,-0.0146271344274282
2.66207003593445,2.66180801391602,0.818019092082977,-0.575185716152191,0.00244575552642345,0.571763098239899,0.813600301742554,0.105553098022938,-0.0627025216817856,-0.0849460586905479,0.994410634040833,0.00804573204368353,-0.00296740792691708,-0.0237167831510305
2.68354004621506,2.68328201770782,0.818048715591431,-0.575143098831177,0.00257962942123413,0.571708202362061,0.813636541366577,0.105571135878563,-0.0628174096345901,-0.0848875343799591,0.994408428668976,0.00790494773536921,-0.00128616089932621,-0.0175392255187035
2.7051990032196,2.70491403341293,0.818129241466522,-0.575029611587524,0.00233061797916889,0.571620106697083,0.813706040382385,0.105512328445911,-0.0625691637396812,-0.084990493953228,0.994415283203125,0.00214751251041889,-0.00111609150189906,-0.0148773398250341
2.72737205028534,2.72700899839401,0.818259477615356,-0.574845492839813,0.00199160911142826,0.571455061435699,0.813799500465393,0.105685546994209,-0.0623736530542374,-0.0853400826454163,0.994397580623627,-0.000526094285305589,-0.00109545106533915,-0.021395243704319
2.74928104877472,2.74901700019836,0.818356156349182,-0.574707984924316,0.00196502357721329,0.571294784545898,0.8138587474823,0.10609508305788,-0.0625729560852051,-0.0857009515166283,0.994354069232941,0.00117156538181007,-0.000624884793069214,-0.0215608719736338
2.77083903551102,2.77056103944778,0.818292498588562,-0.574797928333282,0.00213759578764439,0.571358263492584,0.813790917396545,0.106273412704468,-0.0628253147006035,-0.085741400718689,0.994334638118744,-0.00503403507173061,-0.000522848044056445,-0.0103650605306029
2.79434704780579,2.79373800754547,0.818105757236481,-0.575063824653625,0.00211140885949135,0.571660280227661,0.813651919364929,0.105711802840233,-0.0625090003013611,-0.0852764248847961,0.994394540786743,-0.00365641107782722,-0.00340379332192242,-0.00230953563004732
2.81733900308609,2.81698304414749,0.817948043346405,-0.575287878513336,0.00218909978866577,0.571907460689545,0.813542246818542,0.105217896401882,-0.062311515212059,-0.0848108008503914,0.994446754455566,-0.00170189293567091,-0.000723875826224685,-0.000838253763504326
2.83752202987671,2.83717900514603,0.817862272262573,-0.57540887594223,0.00240805000066757,0.572026431560516,0.813493728637695,0.10494577139616,-0.0623456835746765,-0.084453709423542,0.99447500705719,0.00437643518671393,0.00254403706640005,-0.0121625438332558
2.86020803451538,2.85919600725174,0.817796528339386,-0.575502216815948,0.0024332944303751,0.572137534618378,0.813457608222961,0.104619532823563,-0.0621881708502769,-0.0841653048992157,0.994509339332581,0.00426434725522995,-0.000391455396311358,-0.0197728853672743
2.88102602958679,2.88052201271057,0.817838370800018,-0.575443804264069,0.00218857266008854,0.572125256061554,0.813518285751343,0.104214273393154,-0.0617499202489853,-0.0839782878756523,0.994552433490753,0.00340927415527403,-0.00140705960802734,-0.0186769124120474
2.90442103147507,2.90394800901413,0.817847192287445,-0.575431168079376,0.00220315903425217,0.572111308574677,0.813527703285217,0.104216985404491,-0.0617620497941971,-0.0839731022715569,0.994552135467529,0.00205057370476425,0.000304629618767649,-0.0166020318865776
2.9262570142746,2.92578399181366,0.817745387554169,-0.575574040412903,0.00263298861682415,0.572207093238831,0.813439309597015,0.104381382465363,-0.062220998108387,-0.083850771188736,0.994533836841583,0.00127495569176972,-0.0046731885522604,-0.0131565723568201
2.95027703046799,2.9482330083847,0.817660748958588,-0.575694739818573,0.00252499990165234,0.57234662771225,0.813362419605255,0.10421547293663,-0.0620500519871712,-0.0837677121162415,0.994551539421082,-0.00621828343719244,-0.0073415394872427,-0.00590622751042247
2.97050303220749,2.9697380065918,0.817560613155365,-0.575835645198822,0.00281510688364506,0.572452366352081,0.813267409801483,0.104375749826431,-0.0623927265405655,-0.0837219804525375,0.994533956050873,0.000694134505465627,-0.00576218869537115,-0.00812108069658279
2.99322104454041,2.99250000715256,0.817495346069336,-0.57592761516571,0.00293109379708767,0.572526931762695,0.813200056552887,0.104491837322712,-0.0625633150339127,-0.0837434604763985,0.99452143907547,0.00126788509078324,-0.00311314454302192,-0.0131079712882638
3.01322501897812,3.01292502880096,0.817484617233276,-0.575944840908051,0.0025036409497261,0.572578012943268,0.813160061836243,0.10452264547348,-0.0622351616621017,-0.0840121209621429,0.994519352912903,0.00543332612141967,-0.000625670712906867,-0.0141628971323371
3.03540503978729,3.03515702486038,0.817506730556488,-0.575914204120636,0.00235271081328392,0.572543799877167,0.813150584697723,0.104784019291401,-0.0622597299516201,-0.0843146070837975,0.99449223279953,0.00371074513532221,0.0015888336347416,-0.0133050242438912
3.05800700187683,3.05761700868607,0.817599534988403,-0.575782120227814,0.002409677952528,0.572374761104584,0.81320184469223,0.105308331549168,-0.0625942200422287,-0.0847207978367805,0.994436681270599,0.013151865452528,0.00130442029330879,-0.0182586144655943
3.07947903871536,3.07920300960541,0.817711055278778,-0.575624287128448,0.00228045135736465,0.57219785451889,0.813262760639191,0.105798080563545,-0.0627545639872551,-0.085207387804985,0.994385004043579,0.00463030626997352,0.00431187450885773,-0.0197903979569674
3.10150402784348,3.10124403238297,0.817707419395447,-0.575629532337189,0.00225377082824707,0.572200357913971,0.813250601291656,0.105877958238125,-0.0627793818712234,-0.0852875784039497,0.994376599788666,0.00182652624789625,0.00103481847327203,-0.0132528180256486
3.12368202209473,3.12340503931046,0.817504465579987,-0.575916528701782,0.00255844742059708,0.572455167770386,0.813061714172363,0.105951257050037,-0.0630992725491524,-0.0851510241627693,0.994368016719818,-0.009084009565413,-0.00330166984349489,0.0147995501756668
3.1485550403595,3.1482549905777,0.817432165145874,-0.576017141342163,0.00296284258365631,0.572500228881836,0.812987864017487,0.106273576617241,-0.0636241734027863,-0.0851752012968063,0.994332492351532,-0.0055973376147449,-0.00384911219589412,0.00126000365708023
3.17029201984406,3.1700080037117,0.817417979240417,-0.576037645339966,0.00290844962000847,0.572502613067627,0.812940061092377,0.106626026332378,-0.0637850165367126,-0.0854929313063622,0.994294941425323,0.000940063619054854,0.00317143858410418,-0.0190870184451342
3.18965804576874,3.18936198949814,0.817456841468811,-0.575982451438904,0.00289726257324219,0.5724276304245,0.812949657440186,0.106954962015152,-0.0639595314860344,-0.0857725888490677,0.994259655475616,-0.0011768345721066,0.00136414472945035,-0.0202819835394621
3.21100604534149,3.2107230424881,0.817386865615845,-0.576082170009613,0.0028268676251173,0.572526037693024,0.812866508960724,0.10705977678299,-0.063973106443882,-0.0858907848596573,0.994248569011688,0.000187097539310344,0.000858600484207273,-0.000502410635817796
3.23362404108047,3.23334604501724,0.81713479757309,-0.57643723487854,0.00327671691775322,0.572819352149963,0.812616765499115,0.107386715710163,-0.0645644217729568,-0.0858724489808083,0.994211912155151,-0.0037270684260875,-0.00313269975595176,0.00269581307657063
3.25659900903702,3.25594103336334,0.816902995109558,-0.576762437820435,0.00380127876996994,0.573078513145447,0.812394917011261,0.107681937515736,-0.0651950538158417,-0.085787259042263,0.994178116321564,-0.00591857125982642,-0.00343256443738937,0.000830958655569702
3.27744501829147,3.27707701921463,0.816820561885834,-0.576878488063812,0.00390243344008923,0.573171555995941,0.812301695346832,0.107889845967293,-0.0654093027114868,-0.0858898758888245,0.994155168533325,0.000118254749395419,0.00092573871370405,-0.00633308803662658
3.30011802911758,3.29984903335571,0.816728830337524,-0.577010333538055,0.0035935640335083,0.573322594165802,0.81218159198761,0.107991226017475,-0.0652306973934174,-0.0861392691731453,0.994145333766937,0.00476848985999823,0.000752458581700921,-0.0133467148989439
3.32227200269699,3.32196599245071,0.816690146923065,-0.577064990997314,0.00361901335418224,0.573355197906494,0.812119007110596,0.108288899064064,-0.0654288157820702,-0.0863634943962097,0.994112849235535,0.000231562633416615,0.000714434252586216,-0.0123873660340905
3.34709602594376,3.34681499004364,0.816619336605072,-0.577164649963379,0.00371465273201466,0.573436617851257,0.812042534351349,0.108430877327919,-0.0655989423394203,-0.0864166170358658,0.994097054004669,0.000449271174147725,0.000780119327828288,-0.0124489711597562
3.36679702997208,3.36650198698044,0.816503524780273,-0.577327609062195,0.00383770652115345,0.573590159416199,0.811938345432281,0.108399003744125,-0.0656977370381355,-0.0863068997859955,0.994100034236908,-0.000297424441669136,0.000397297932067886,-0.0015817052917555
3.38697302341461,3.38669800758362,0.816403687000275,-0.577467203140259,0.00406928732991219,0.573705911636353,0.811850309371948,0.108445644378662,-0.0659274756908417,-0.0862008482217789,0.99409407377243,-0.00383476447314024,-0.00082254724111408,-0.00309833255596459
3.41026604175568,3.40998601913452,0.816337943077087,-0.577558636665344,0.00428071059286594,0.57375705242157,0.811770856380463,0.108769759535789,-0.0662958920001984,-0.0863367915153503,0.994057774543762,-0.00127348827663809,-0.000635753909591585,-0.00865831412374973
3.43179404735565,3.43152004480362,0.81630277633667,-0.577608048915863,0.00431127846240997,0.573810636997223,0.811747193336487,0.108663223683834,-0.0662644356489182,-0.0862282291054726,0.994069278240204,-0.00148706289473921,-0.000650743022561073,-0.0120037281885743
3.45412403345108,3.45372200012207,0.816246867179871,-0.577686727046967,0.00436138361692429,0.573868930339813,0.81167471408844,0.108896993100643,-0.0664483830332756,-0.0863839611411095,0.994043469429016,-0.00148273445665836,0.000193378713447601,-0.00810801889747381
3.47583603858948,3.47554904222488,0.816105842590332,-0.577883064746857,0.00471767038106918,0.574017465114594,0.811537623405457,0.10913547873497,-0.0668961331248283,-0.0863580703735352,0.994015693664551,-0.000775496591813862,-0.00181117642205209,-0.0172758158296347
